48 26.4146 26.4366 67.8506 67.8746
35.00 35.00 35.00 37.00 37.00 37.00 37.00 37.00 37.00 37.00 37.00 37.00 35.00 35.00 35.00 35.00 35.00 35.00 35.00 35.00 35.00 35.00 35.00 35.00 37.00 37.00 37.00 37.00 36.00 36.00 36.00 36.00 39.00 39.00 39.00 39.00 25.00 25.00 25.00 25.00 25.00 25.00 25.00 25.00 25.00 25.00 25.00 25.00
35.00 35.00 35.00 37.00 37.00 37.00 37.00 37.00 37.00 37.00 37.00 37.00 35.00 35.00 35.00 35.00 35.00 35.00 35.00 35.00 35.00 35.00 35.00 35.00 37.00 37.00 37.00 37.00 36.00 36.00 36.00 36.00 39.00 39.00 39.00 39.00 25.00 25.00 25.00 25.00 25.00 25.00 25.00 25.00 25.00 25.00 25.00 25.00
35.00 35.00 35.00 37.00 37.00 37.00 37.00 37.00 37.00 37.00 37.00 37.00 35.00 35.00 35.00 35.00 35.00 35.00 35.00 35.00 35.00 35.00 35.00 35.00 37.00 37.00 37.00 37.00 36.00 36.00 36.00 36.00 39.00 39.00 39.00 39.00 25.00 25.00 25.00 25.00 25.00 25.00 25.00 25.00 25.00 25.00 25.00 25.00
36.00 36.00 36.00 34.00 34.00 34.00 34.00 33.00 33.00 33.00 33.00 33.00 35.00 35.00 35.00 35.00 45.00 45.00 45.00 45.00 58.00 58.00 58.00 58.00 37.00 37.00 37.00 37.00 34.00 34.00 34.00 34.00 38.00 38.00 38.00 38.00 27.00 27.00 27.00 27.00 25.00 25.00 25.00 25.00 25.00 25.00 25.00 25.00
36.00 36.00 36.00 34.00 34.00 34.00 34.00 33.00 33.00 33.00 33.00 33.00 35.00 35.00 35.00 35.00 45.00 45.00 45.00 45.00 58.00 58.00 58.00 58.00 37.00 37.00 37.00 37.00 34.00 34.00 34.00 34.00 38.00 38.00 38.00 38.00 27.00 27.00 27.00 27.00 25.00 25.00 25.00 25.00 25.00 25.00 25.00 25.00
36.00 36.00 36.00 34.00 34.00 34.00 34.00 33.00 33.00 33.00 33.00 33.00 35.00 35.00 35.00 35.00 45.00 45.00 45.00 45.00 58.00 58.00 58.00 58.00 37.00 37.00 37.00 37.00 34.00 34.00 34.00 34.00 38.00 38.00 38.00 38.00 27.00 27.00 27.00 27.00 25.00 25.00 25.00 25.00 25.00 25.00 25.00 25.00
36.00 36.00 36.00 34.00 34.00 34.00 34.00 33.00 33.00 33.00 33.00 33.00 35.00 35.00 35.00 35.00 45.00 45.00 45.00 45.00 58.00 58.00 58.00 58.00 37.00 37.00 37.00 37.00 34.00 34.00 34.00 34.00 38.00 38.00 38.00 38.00 27.00 27.00 27.00 27.00 25.00 25.00 25.00 25.00 25.00 25.00 25.00 25.00
37.00 37.00 37.00 39.00 39.00 39.00 39.00 35.00 35.00 35.00 35.00 35.00 37.00 37.00 37.00 37.00 43.00 43.00 43.00 43.00 46.00 46.00 46.00 46.00 51.00 51.00 51.00 51.00 45.00 45.00 45.00 45.00 37.00 37.00 37.00 37.00 38.00 38.00 38.00 38.00 25.00 25.00 25.00 25.00 25.00 25.00 25.00 25.00
37.00 37.00 37.00 39.00 39.00 39.00 39.00 35.00 35.00 35.00 35.00 35.00 37.00 37.00 37.00 37.00 43.00 43.00 43.00 43.00 46.00 46.00 46.00 46.00 51.00 51.00 51.00 51.00 45.00 45.00 45.00 45.00 37.00 37.00 37.00 37.00 38.00 38.00 38.00 38.00 25.00 25.00 25.00 25.00 25.00 25.00 25.00 25.00
37.00 37.00 37.00 39.00 39.00 39.00 39.00 35.00 35.00 35.00 35.00 35.00 37.00 37.00 37.00 37.00 43.00 43.00 43.00 43.00 46.00 46.00 46.00 46.00 51.00 51.00 51.00 51.00 45.00 45.00 45.00 45.00 37.00 37.00 37.00 37.00 38.00 38.00 38.00 38.00 25.00 25.00 25.00 25.00 25.00 25.00 25.00 25.00
37.00 37.00 37.00 39.00 39.00 39.00 39.00 35.00 35.00 35.00 35.00 35.00 37.00 37.00 37.00 37.00 43.00 43.00 43.00 43.00 46.00 46.00 46.00 46.00 51.00 51.00 51.00 51.00 45.00 45.00 45.00 45.00 37.00 37.00 37.00 37.00 38.00 38.00 38.00 38.00 25.00 25.00 25.00 25.00 25.00 25.00 25.00 25.00
37.00 37.00 37.00 39.00 39.00 39.00 39.00 35.00 35.00 35.00 35.00 35.00 37.00 37.00 37.00 37.00 43.00 43.00 43.00 43.00 46.00 46.00 46.00 46.00 51.00 51.00 51.00 51.00 45.00 45.00 45.00 45.00 37.00 37.00 37.00 37.00 38.00 38.00 38.00 38.00 25.00 25.00 25.00 25.00 25.00 25.00 25.00 25.00
38.00 38.00 38.00 40.00 40.00 40.00 40.00 35.00 35.00 35.00 35.00 35.00 32.00 32.00 32.00 32.00 41.00 41.00 41.00 41.00 48.00 48.00 48.00 48.00 49.00 49.00 49.00 49.00 40.00 40.00 40.00 40.00 36.00 36.00 36.00 36.00 35.00 35.00 35.00 35.00 29.00 29.00 29.00 29.00 25.00 25.00 25.00 25.00
38.00 38.00 38.00 40.00 40.00 40.00 40.00 35.00 35.00 35.00 35.00 35.00 32.00 32.00 32.00 32.00 41.00 41.00 41.00 41.00 48.00 48.00 48.00 48.00 49.00 49.00 49.00 49.00 40.00 40.00 40.00 40.00 36.00 36.00 36.00 36.00 35.00 35.00 35.00 35.00 29.00 29.00 29.00 29.00 25.00 25.00 25.00 25.00
38.00 38.00 38.00 40.00 40.00 40.00 40.00 35.00 35.00 35.00 35.00 35.00 32.00 32.00 32.00 32.00 41.00 41.00 41.00 41.00 48.00 48.00 48.00 48.00 49.00 49.00 49.00 49.00 40.00 40.00 40.00 40.00 36.00 36.00 36.00 36.00 35.00 35.00 35.00 35.00 29.00 29.00 29.00 29.00 25.00 25.00 25.00 25.00
38.00 38.00 38.00 40.00 40.00 40.00 40.00 35.00 35.00 35.00 35.00 35.00 32.00 32.00 32.00 32.00 41.00 41.00 41.00 41.00 48.00 48.00 48.00 48.00 49.00 49.00 49.00 49.00 40.00 40.00 40.00 40.00 36.00 36.00 36.00 36.00 35.00 35.00 35.00 35.00 29.00 29.00 29.00 29.00 25.00 25.00 25.00 25.00
36.00 36.00 36.00 41.00 41.00 41.00 41.00 34.00 34.00 34.00 34.00 34.00 35.00 35.00 35.00 35.00 42.00 42.00 42.00 42.00 43.00 43.00 43.00 43.00 44.00 44.00 44.00 44.00 42.00 42.00 42.00 42.00 38.00 38.00 38.00 38.00 35.00 35.00 35.00 35.00 37.00 37.00 37.00 37.00 26.00 26.00 26.00 26.00
36.00 36.00 36.00 41.00 41.00 41.00 41.00 34.00 34.00 34.00 34.00 34.00 35.00 35.00 35.00 35.00 42.00 42.00 42.00 42.00 43.00 43.00 43.00 43.00 44.00 44.00 44.00 44.00 42.00 42.00 42.00 42.00 38.00 38.00 38.00 38.00 35.00 35.00 35.00 35.00 37.00 37.00 37.00 37.00 26.00 26.00 26.00 26.00
36.00 36.00 36.00 41.00 41.00 41.00 41.00 34.00 34.00 34.00 34.00 34.00 35.00 35.00 35.00 35.00 42.00 42.00 42.00 42.00 43.00 43.00 43.00 43.00 44.00 44.00 44.00 44.00 42.00 42.00 42.00 42.00 38.00 38.00 38.00 38.00 35.00 35.00 35.00 35.00 37.00 37.00 37.00 37.00 26.00 26.00 26.00 26.00
36.00 36.00 36.00 41.00 41.00 41.00 41.00 34.00 34.00 34.00 34.00 34.00 35.00 35.00 35.00 35.00 42.00 42.00 42.00 42.00 43.00 43.00 43.00 43.00 44.00 44.00 44.00 44.00 42.00 42.00 42.00 42.00 38.00 38.00 38.00 38.00 35.00 35.00 35.00 35.00 37.00 37.00 37.00 37.00 26.00 26.00 26.00 26.00
36.00 36.00 36.00 41.00 41.00 41.00 41.00 34.00 34.00 34.00 34.00 34.00 35.00 35.00 35.00 35.00 42.00 42.00 42.00 42.00 43.00 43.00 43.00 43.00 44.00 44.00 44.00 44.00 42.00 42.00 42.00 42.00 38.00 38.00 38.00 38.00 35.00 35.00 35.00 35.00 37.00 37.00 37.00 37.00 26.00 26.00 26.00 26.00
36.00 36.00 36.00 36.00 36.00 36.00 36.00 36.00 36.00 36.00 36.00 36.00 40.00 40.00 40.00 40.00 44.00 44.00 44.00 44.00 43.00 43.00 43.00 43.00 39.00 39.00 39.00 39.00 40.00 40.00 40.00 40.00 40.00 40.00 40.00 40.00 36.00 36.00 36.00 36.00 39.00 39.00 39.00 39.00 36.00 36.00 36.00 36.00
36.00 36.00 36.00 36.00 36.00 36.00 36.00 36.00 36.00 36.00 36.00 36.00 40.00 40.00 40.00 40.00 44.00 44.00 44.00 44.00 43.00 43.00 43.00 43.00 39.00 39.00 39.00 39.00 40.00 40.00 40.00 40.00 40.00 40.00 40.00 40.00 36.00 36.00 36.00 36.00 39.00 39.00 39.00 39.00 36.00 36.00 36.00 36.00
36.00 36.00 36.00 36.00 36.00 36.00 36.00 36.00 36.00 36.00 36.00 36.00 40.00 40.00 40.00 40.00 44.00 44.00 44.00 44.00 43.00 43.00 43.00 43.00 39.00 39.00 39.00 39.00 40.00 40.00 40.00 40.00 40.00 40.00 40.00 40.00 36.00 36.00 36.00 36.00 39.00 39.00 39.00 39.00 36.00 36.00 36.00 36.00
36.00 36.00 36.00 36.00 36.00 36.00 36.00 36.00 36.00 36.00 36.00 36.00 40.00 40.00 40.00 40.00 44.00 44.00 44.00 44.00 43.00 43.00 43.00 43.00 39.00 39.00 39.00 39.00 40.00 40.00 40.00 40.00 40.00 40.00 40.00 40.00 36.00 36.00 36.00 36.00 39.00 39.00 39.00 39.00 36.00 36.00 36.00 36.00
35.00 35.00 35.00 33.00 33.00 33.00 33.00 36.00 36.00 36.00 36.00 36.00 36.00 36.00 36.00 36.00 44.00 44.00 44.00 44.00 43.00 43.00 43.00 43.00 40.00 40.00 40.00 40.00 40.00 40.00 40.00 40.00 39.00 39.00 39.00 39.00 37.00 37.00 37.00 37.00 34.00 34.00 34.00 34.00 38.00 38.00 38.00 38.00
35.00 35.00 35.00 33.00 33.00 33.00 33.00 36.00 36.00 36.00 36.00 36.00 36.00 36.00 36.00 36.00 44.00 44.00 44.00 44.00 43.00 43.00 43.00 43.00 40.00 40.00 40.00 40.00 40.00 40.00 40.00 40.00 39.00 39.00 39.00 39.00 37.00 37.00 37.00 37.00 34.00 34.00 34.00 34.00 38.00 38.00 38.00 38.00
35.00 35.00 35.00 33.00 33.00 33.00 33.00 36.00 36.00 36.00 36.00 36.00 36.00 36.00 36.00 36.00 44.00 44.00 44.00 44.00 43.00 43.00 43.00 43.00 40.00 40.00 40.00 40.00 40.00 40.00 40.00 40.00 39.00 39.00 39.00 39.00 37.00 37.00 37.00 37.00 34.00 34.00 34.00 34.00 38.00 38.00 38.00 38.00
35.00 35.00 35.00 33.00 33.00 33.00 33.00 36.00 36.00 36.00 36.00 36.00 36.00 36.00 36.00 36.00 44.00 44.00 44.00 44.00 43.00 43.00 43.00 43.00 40.00 40.00 40.00 40.00 40.00 40.00 40.00 40.00 39.00 39.00 39.00 39.00 37.00 37.00 37.00 37.00 34.00 34.00 34.00 34.00 38.00 38.00 38.00 38.00
35.00 35.00 35.00 33.00 33.00 33.00 33.00 36.00 36.00 36.00 36.00 36.00 36.00 36.00 36.00 36.00 44.00 44.00 44.00 44.00 43.00 43.00 43.00 43.00 40.00 40.00 40.00 40.00 40.00 40.00 40.00 40.00 39.00 39.00 39.00 39.00 37.00 37.00 37.00 37.00 34.00 34.00 34.00 34.00 38.00 38.00 38.00 38.00
38.00 38.00 38.00 37.00 37.00 37.00 37.00 39.00 39.00 39.00 39.00 39.00 39.00 39.00 39.00 39.00 47.00 47.00 47.00 47.00 41.00 41.00 41.00 41.00 42.00 42.00 42.00 42.00 41.00 41.00 41.00 41.00 38.00 38.00 38.00 38.00 37.00 37.00 37.00 37.00 36.00 36.00 36.00 36.00 39.00 39.00 39.00 39.00
38.00 38.00 38.00 37.00 37.00 37.00 37.00 39.00 39.00 39.00 39.00 39.00 39.00 39.00 39.00 39.00 47.00 47.00 47.00 47.00 41.00 41.00 41.00 41.00 42.00 42.00 42.00 42.00 41.00 41.00 41.00 41.00 38.00 38.00 38.00 38.00 37.00 37.00 37.00 37.00 36.00 36.00 36.00 36.00 39.00 39.00 39.00 39.00
38.00 38.00 38.00 37.00 37.00 37.00 37.00 39.00 39.00 39.00 39.00 39.00 39.00 39.00 39.00 39.00 47.00 47.00 47.00 47.00 41.00 41.00 41.00 41.00 42.00 42.00 42.00 42.00 41.00 41.00 41.00 41.00 38.00 38.00 38.00 38.00 37.00 37.00 37.00 37.00 36.00 36.00 36.00 36.00 39.00 39.00 39.00 39.00
38.00 38.00 38.00 37.00 37.00 37.00 37.00 39.00 39.00 39.00 39.00 39.00 39.00 39.00 39.00 39.00 47.00 47.00 47.00 47.00 41.00 41.00 41.00 41.00 42.00 42.00 42.00 42.00 41.00 41.00 41.00 41.00 38.00 38.00 38.00 38.00 37.00 37.00 37.00 37.00 36.00 36.00 36.00 36.00 39.00 39.00 39.00 39.00
39.00 39.00 39.00 36.00 36.00 36.00 36.00 36.00 36.00 36.00 36.00 36.00 45.00 45.00 45.00 45.00 44.00 44.00 44.00 44.00 41.00 41.00 41.00 41.00 36.00 36.00 36.00 36.00 39.00 39.00 39.00 39.00 34.00 34.00 34.00 34.00 37.00 37.00 37.00 37.00 37.00 37.00 37.00 37.00 35.00 35.00 35.00 35.00
39.00 39.00 39.00 36.00 36.00 36.00 36.00 36.00 36.00 36.00 36.00 36.00 45.00 45.00 45.00 45.00 44.00 44.00 44.00 44.00 41.00 41.00 41.00 41.00 36.00 36.00 36.00 36.00 39.00 39.00 39.00 39.00 34.00 34.00 34.00 34.00 37.00 37.00 37.00 37.00 37.00 37.00 37.00 37.00 35.00 35.00 35.00 35.00
39.00 39.00 39.00 36.00 36.00 36.00 36.00 36.00 36.00 36.00 36.00 36.00 45.00 45.00 45.00 45.00 44.00 44.00 44.00 44.00 41.00 41.00 41.00 41.00 36.00 36.00 36.00 36.00 39.00 39.00 39.00 39.00 34.00 34.00 34.00 34.00 37.00 37.00 37.00 37.00 37.00 37.00 37.00 37.00 35.00 35.00 35.00 35.00
39.00 39.00 39.00 36.00 36.00 36.00 36.00 36.00 36.00 36.00 36.00 36.00 45.00 45.00 45.00 45.00 44.00 44.00 44.00 44.00 41.00 41.00 41.00 41.00 36.00 36.00 36.00 36.00 39.00 39.00 39.00 39.00 34.00 34.00 34.00 34.00 37.00 37.00 37.00 37.00 37.00 37.00 37.00 37.00 35.00 35.00 35.00 35.00
39.00 39.00 39.00 36.00 36.00 36.00 36.00 36.00 36.00 36.00 36.00 36.00 45.00 45.00 45.00 45.00 44.00 44.00 44.00 44.00 41.00 41.00 41.00 41.00 36.00 36.00 36.00 36.00 39.00 39.00 39.00 39.00 34.00 34.00 34.00 34.00 37.00 37.00 37.00 37.00 37.00 37.00 37.00 37.00 35.00 35.00 35.00 35.00
36.00 36.00 36.00 33.00 33.00 33.00 33.00 39.00 39.00 39.00 39.00 39.00 44.00 44.00 44.00 44.00 46.00 46.00 46.00 46.00 37.00 37.00 37.00 37.00 39.00 39.00 39.00 39.00 39.00 39.00 39.00 39.00 35.00 35.00 35.00 35.00 36.00 36.00 36.00 36.00 39.00 39.00 39.00 39.00 35.00 35.00 35.00 35.00
36.00 36.00 36.00 33.00 33.00 33.00 33.00 39.00 39.00 39.00 39.00 39.00 44.00 44.00 44.00 44.00 46.00 46.00 46.00 46.00 37.00 37.00 37.00 37.00 39.00 39.00 39.00 39.00 39.00 39.00 39.00 39.00 35.00 35.00 35.00 35.00 36.00 36.00 36.00 36.00 39.00 39.00 39.00 39.00 35.00 35.00 35.00 35.00
36.00 36.00 36.00 33.00 33.00 33.00 33.00 39.00 39.00 39.00 39.00 39.00 44.00 44.00 44.00 44.00 46.00 46.00 46.00 46.00 37.00 37.00 37.00 37.00 39.00 39.00 39.00 39.00 39.00 39.00 39.00 39.00 35.00 35.00 35.00 35.00 36.00 36.00 36.00 36.00 39.00 39.00 39.00 39.00 35.00 35.00 35.00 35.00
36.00 36.00 36.00 33.00 33.00 33.00 33.00 39.00 39.00 39.00 39.00 39.00 44.00 44.00 44.00 44.00 46.00 46.00 46.00 46.00 37.00 37.00 37.00 37.00 39.00 39.00 39.00 39.00 39.00 39.00 39.00 39.00 35.00 35.00 35.00 35.00 36.00 36.00 36.00 36.00 39.00 39.00 39.00 39.00 35.00 35.00 35.00 35.00
32.00 32.00 32.00 37.00 37.00 37.00 37.00 44.00 44.00 44.00 44.00 44.00 46.00 46.00 46.00 46.00 36.00 36.00 36.00 36.00 37.00 37.00 37.00 37.00 39.00 39.00 39.00 39.00 39.00 39.00 39.00 39.00 37.00 37.00 37.00 37.00 36.00 36.00 36.00 36.00 34.00 34.00 34.00 34.00 36.00 36.00 36.00 36.00
32.00 32.00 32.00 37.00 37.00 37.00 37.00 44.00 44.00 44.00 44.00 44.00 46.00 46.00 46.00 46.00 36.00 36.00 36.00 36.00 37.00 37.00 37.00 37.00 39.00 39.00 39.00 39.00 39.00 39.00 39.00 39.00 37.00 37.00 37.00 37.00 36.00 36.00 36.00 36.00 34.00 34.00 34.00 34.00 36.00 36.00 36.00 36.00
32.00 32.00 32.00 37.00 37.00 37.00 37.00 44.00 44.00 44.00 44.00 44.00 46.00 46.00 46.00 46.00 36.00 36.00 36.00 36.00 37.00 37.00 37.00 37.00 39.00 39.00 39.00 39.00 39.00 39.00 39.00 39.00 37.00 37.00 37.00 37.00 36.00 36.00 36.00 36.00 34.00 34.00 34.00 34.00 36.00 36.00 36.00 36.00
32.00 32.00 32.00 37.00 37.00 37.00 37.00 44.00 44.00 44.00 44.00 44.00 46.00 46.00 46.00 46.00 36.00 36.00 36.00 36.00 37.00 37.00 37.00 37.00 39.00 39.00 39.00 39.00 39.00 39.00 39.00 39.00 37.00 37.00 37.00 37.00 36.00 36.00 36.00 36.00 34.00 34.00 34.00 34.00 36.00 36.00 36.00 36.00
32.00 32.00 32.00 37.00 37.00 37.00 37.00 44.00 44.00 44.00 44.00 44.00 46.00 46.00 46.00 46.00 36.00 36.00 36.00 36.00 37.00 37.00 37.00 37.00 39.00 39.00 39.00 39.00 39.00 39.00 39.00 39.00 37.00 37.00 37.00 37.00 36.00 36.00 36.00 36.00 34.00 34.00 34.00 34.00 36.00 36.00 36.00 36.00
