48 38.897 38.905 -77.04 -77.028
33.00 33.00 35.00 35.00 35.00 35.00 35.00 35.00 35.00 35.00 32.00 32.00 32.00 32.00 32.00 32.00 32.00 32.00 47.00 47.00 47.00 47.00 47.00 47.00 47.00 47.00 47.00 37.00 37.00 37.00 37.00 37.00 37.00 37.00 37.00 30.00 30.00 30.00 30.00 30.00 30.00 30.00 30.00 36.00 36.00 36.00 36.00 36.00
33.00 33.00 35.00 35.00 35.00 35.00 35.00 35.00 35.00 35.00 32.00 32.00 32.00 32.00 32.00 32.00 32.00 32.00 47.00 47.00 47.00 47.00 47.00 47.00 47.00 47.00 47.00 37.00 37.00 37.00 37.00 37.00 37.00 37.00 37.00 30.00 30.00 30.00 30.00 30.00 30.00 30.00 30.00 36.00 36.00 36.00 36.00 36.00
33.00 33.00 35.00 35.00 35.00 35.00 35.00 35.00 35.00 35.00 32.00 32.00 32.00 32.00 32.00 32.00 32.00 32.00 47.00 47.00 47.00 47.00 47.00 47.00 47.00 47.00 47.00 37.00 37.00 37.00 37.00 37.00 37.00 37.00 37.00 30.00 30.00 30.00 30.00 30.00 30.00 30.00 30.00 36.00 36.00 36.00 36.00 36.00
33.00 33.00 35.00 35.00 35.00 35.00 35.00 35.00 35.00 35.00 32.00 32.00 32.00 32.00 32.00 32.00 32.00 32.00 47.00 47.00 47.00 47.00 47.00 47.00 47.00 47.00 47.00 37.00 37.00 37.00 37.00 37.00 37.00 37.00 37.00 30.00 30.00 30.00 30.00 30.00 30.00 30.00 30.00 36.00 36.00 36.00 36.00 36.00
33.00 33.00 35.00 35.00 35.00 35.00 35.00 35.00 35.00 35.00 32.00 32.00 32.00 32.00 32.00 32.00 32.00 32.00 47.00 47.00 47.00 47.00 47.00 47.00 47.00 47.00 47.00 37.00 37.00 37.00 37.00 37.00 37.00 37.00 37.00 30.00 30.00 30.00 30.00 30.00 30.00 30.00 30.00 36.00 36.00 36.00 36.00 36.00
39.00 39.00 37.00 37.00 37.00 37.00 37.00 37.00 37.00 37.00 25.00 25.00 25.00 25.00 25.00 25.00 25.00 25.00 29.00 29.00 29.00 29.00 29.00 29.00 29.00 29.00 29.00 43.00 43.00 43.00 43.00 43.00 43.00 43.00 43.00 42.00 42.00 42.00 42.00 42.00 42.00 42.00 42.00 32.00 32.00 32.00 32.00 32.00
39.00 39.00 37.00 37.00 37.00 37.00 37.00 37.00 37.00 37.00 25.00 25.00 25.00 25.00 25.00 25.00 25.00 25.00 29.00 29.00 29.00 29.00 29.00 29.00 29.00 29.00 29.00 43.00 43.00 43.00 43.00 43.00 43.00 43.00 43.00 42.00 42.00 42.00 42.00 42.00 42.00 42.00 42.00 32.00 32.00 32.00 32.00 32.00
39.00 39.00 37.00 37.00 37.00 37.00 37.00 37.00 37.00 37.00 25.00 25.00 25.00 25.00 25.00 25.00 25.00 25.00 29.00 29.00 29.00 29.00 29.00 29.00 29.00 29.00 29.00 43.00 43.00 43.00 43.00 43.00 43.00 43.00 43.00 42.00 42.00 42.00 42.00 42.00 42.00 42.00 42.00 32.00 32.00 32.00 32.00 32.00
39.00 39.00 37.00 37.00 37.00 37.00 37.00 37.00 37.00 37.00 25.00 25.00 25.00 25.00 25.00 25.00 25.00 25.00 29.00 29.00 29.00 29.00 29.00 29.00 29.00 29.00 29.00 43.00 43.00 43.00 43.00 43.00 43.00 43.00 43.00 42.00 42.00 42.00 42.00 42.00 42.00 42.00 42.00 32.00 32.00 32.00 32.00 32.00
39.00 39.00 37.00 37.00 37.00 37.00 37.00 37.00 37.00 37.00 25.00 25.00 25.00 25.00 25.00 25.00 25.00 25.00 29.00 29.00 29.00 29.00 29.00 29.00 29.00 29.00 29.00 43.00 43.00 43.00 43.00 43.00 43.00 43.00 43.00 42.00 42.00 42.00 42.00 42.00 42.00 42.00 42.00 32.00 32.00 32.00 32.00 32.00
39.00 39.00 37.00 37.00 37.00 37.00 37.00 37.00 37.00 37.00 25.00 25.00 25.00 25.00 25.00 25.00 25.00 25.00 29.00 29.00 29.00 29.00 29.00 29.00 29.00 29.00 29.00 43.00 43.00 43.00 43.00 43.00 43.00 43.00 43.00 42.00 42.00 42.00 42.00 42.00 42.00 42.00 42.00 32.00 32.00 32.00 32.00 32.00
39.00 39.00 37.00 37.00 37.00 37.00 37.00 37.00 37.00 37.00 25.00 25.00 25.00 25.00 25.00 25.00 25.00 25.00 29.00 29.00 29.00 29.00 29.00 29.00 29.00 29.00 29.00 43.00 43.00 43.00 43.00 43.00 43.00 43.00 43.00 42.00 42.00 42.00 42.00 42.00 42.00 42.00 42.00 32.00 32.00 32.00 32.00 32.00
39.00 39.00 37.00 37.00 37.00 37.00 37.00 37.00 37.00 37.00 25.00 25.00 25.00 25.00 25.00 25.00 25.00 25.00 29.00 29.00 29.00 29.00 29.00 29.00 29.00 29.00 29.00 43.00 43.00 43.00 43.00 43.00 43.00 43.00 43.00 42.00 42.00 42.00 42.00 42.00 42.00 42.00 42.00 32.00 32.00 32.00 32.00 32.00
39.00 39.00 37.00 37.00 37.00 37.00 37.00 37.00 37.00 37.00 25.00 25.00 25.00 25.00 25.00 25.00 25.00 25.00 29.00 29.00 29.00 29.00 29.00 29.00 29.00 29.00 29.00 43.00 43.00 43.00 43.00 43.00 43.00 43.00 43.00 42.00 42.00 42.00 42.00 42.00 42.00 42.00 42.00 32.00 32.00 32.00 32.00 32.00
39.00 39.00 37.00 37.00 37.00 37.00 37.00 37.00 37.00 37.00 25.00 25.00 25.00 25.00 25.00 25.00 25.00 25.00 29.00 29.00 29.00 29.00 29.00 29.00 29.00 29.00 29.00 43.00 43.00 43.00 43.00 43.00 43.00 43.00 43.00 42.00 42.00 42.00 42.00 42.00 42.00 42.00 42.00 32.00 32.00 32.00 32.00 32.00
39.00 39.00 37.00 37.00 37.00 37.00 37.00 37.00 37.00 37.00 25.00 25.00 25.00 25.00 25.00 25.00 25.00 25.00 29.00 29.00 29.00 29.00 29.00 29.00 29.00 29.00 29.00 43.00 43.00 43.00 43.00 43.00 43.00 43.00 43.00 42.00 42.00 42.00 42.00 42.00 42.00 42.00 42.00 32.00 32.00 32.00 32.00 32.00
39.00 39.00 37.00 37.00 37.00 37.00 37.00 37.00 37.00 37.00 25.00 25.00 25.00 25.00 25.00 25.00 25.00 25.00 29.00 29.00 29.00 29.00 29.00 29.00 29.00 29.00 29.00 43.00 43.00 43.00 43.00 43.00 43.00 43.00 43.00 42.00 42.00 42.00 42.00 42.00 42.00 42.00 42.00 32.00 32.00 32.00 32.00 32.00
39.00 39.00 37.00 37.00 37.00 37.00 37.00 37.00 37.00 37.00 25.00 25.00 25.00 25.00 25.00 25.00 25.00 25.00 29.00 29.00 29.00 29.00 29.00 29.00 29.00 29.00 29.00 43.00 43.00 43.00 43.00 43.00 43.00 43.00 43.00 42.00 42.00 42.00 42.00 42.00 42.00 42.00 42.00 32.00 32.00 32.00 32.00 32.00
45.00 45.00 41.00 41.00 41.00 41.00 41.00 41.00 41.00 41.00 29.00 29.00 29.00 29.00 29.00 29.00 29.00 29.00 41.00 41.00 41.00 41.00 41.00 41.00 41.00 41.00 41.00 34.00 34.00 34.00 34.00 34.00 34.00 34.00 34.00 41.00 41.00 41.00 41.00 41.00 41.00 41.00 41.00 31.00 31.00 31.00 31.00 31.00
45.00 45.00 41.00 41.00 41.00 41.00 41.00 41.00 41.00 41.00 29.00 29.00 29.00 29.00 29.00 29.00 29.00 29.00 41.00 41.00 41.00 41.00 41.00 41.00 41.00 41.00 41.00 34.00 34.00 34.00 34.00 34.00 34.00 34.00 34.00 41.00 41.00 41.00 41.00 41.00 41.00 41.00 41.00 31.00 31.00 31.00 31.00 31.00
45.00 45.00 41.00 41.00 41.00 41.00 41.00 41.00 41.00 41.00 29.00 29.00 29.00 29.00 29.00 29.00 29.00 29.00 41.00 41.00 41.00 41.00 41.00 41.00 41.00 41.00 41.00 34.00 34.00 34.00 34.00 34.00 34.00 34.00 34.00 41.00 41.00 41.00 41.00 41.00 41.00 41.00 41.00 31.00 31.00 31.00 31.00 31.00
45.00 45.00 41.00 41.00 41.00 41.00 41.00 41.00 41.00 41.00 29.00 29.00 29.00 29.00 29.00 29.00 29.00 29.00 41.00 41.00 41.00 41.00 41.00 41.00 41.00 41.00 41.00 34.00 34.00 34.00 34.00 34.00 34.00 34.00 34.00 41.00 41.00 41.00 41.00 41.00 41.00 41.00 41.00 31.00 31.00 31.00 31.00 31.00
45.00 45.00 41.00 41.00 41.00 41.00 41.00 41.00 41.00 41.00 29.00 29.00 29.00 29.00 29.00 29.00 29.00 29.00 41.00 41.00 41.00 41.00 41.00 41.00 41.00 41.00 41.00 34.00 34.00 34.00 34.00 34.00 34.00 34.00 34.00 41.00 41.00 41.00 41.00 41.00 41.00 41.00 41.00 31.00 31.00 31.00 31.00 31.00
45.00 45.00 41.00 41.00 41.00 41.00 41.00 41.00 41.00 41.00 29.00 29.00 29.00 29.00 29.00 29.00 29.00 29.00 41.00 41.00 41.00 41.00 41.00 41.00 41.00 41.00 41.00 34.00 34.00 34.00 34.00 34.00 34.00 34.00 34.00 41.00 41.00 41.00 41.00 41.00 41.00 41.00 41.00 31.00 31.00 31.00 31.00 31.00
45.00 45.00 41.00 41.00 41.00 41.00 41.00 41.00 41.00 41.00 29.00 29.00 29.00 29.00 29.00 29.00 29.00 29.00 41.00 41.00 41.00 41.00 41.00 41.00 41.00 41.00 41.00 34.00 34.00 34.00 34.00 34.00 34.00 34.00 34.00 41.00 41.00 41.00 41.00 41.00 41.00 41.00 41.00 31.00 31.00 31.00 31.00 31.00
45.00 45.00 41.00 41.00 41.00 41.00 41.00 41.00 41.00 41.00 29.00 29.00 29.00 29.00 29.00 29.00 29.00 29.00 41.00 41.00 41.00 41.00 41.00 41.00 41.00 41.00 41.00 34.00 34.00 34.00 34.00 34.00 34.00 34.00 34.00 41.00 41.00 41.00 41.00 41.00 41.00 41.00 41.00 31.00 31.00 31.00 31.00 31.00
45.00 45.00 41.00 41.00 41.00 41.00 41.00 41.00 41.00 41.00 29.00 29.00 29.00 29.00 29.00 29.00 29.00 29.00 41.00 41.00 41.00 41.00 41.00 41.00 41.00 41.00 41.00 34.00 34.00 34.00 34.00 34.00 34.00 34.00 34.00 41.00 41.00 41.00 41.00 41.00 41.00 41.00 41.00 31.00 31.00 31.00 31.00 31.00
45.00 45.00 41.00 41.00 41.00 41.00 41.00 41.00 41.00 41.00 29.00 29.00 29.00 29.00 29.00 29.00 29.00 29.00 41.00 41.00 41.00 41.00 41.00 41.00 41.00 41.00 41.00 34.00 34.00 34.00 34.00 34.00 34.00 34.00 34.00 41.00 41.00 41.00 41.00 41.00 41.00 41.00 41.00 31.00 31.00 31.00 31.00 31.00
45.00 45.00 41.00 41.00 41.00 41.00 41.00 41.00 41.00 41.00 29.00 29.00 29.00 29.00 29.00 29.00 29.00 29.00 41.00 41.00 41.00 41.00 41.00 41.00 41.00 41.00 41.00 34.00 34.00 34.00 34.00 34.00 34.00 34.00 34.00 41.00 41.00 41.00 41.00 41.00 41.00 41.00 41.00 31.00 31.00 31.00 31.00 31.00
45.00 45.00 41.00 41.00 41.00 41.00 41.00 41.00 41.00 41.00 29.00 29.00 29.00 29.00 29.00 29.00 29.00 29.00 41.00 41.00 41.00 41.00 41.00 41.00 41.00 41.00 41.00 34.00 34.00 34.00 34.00 34.00 34.00 34.00 34.00 41.00 41.00 41.00 41.00 41.00 41.00 41.00 41.00 31.00 31.00 31.00 31.00 31.00
39.00 39.00 29.00 29.00 29.00 29.00 29.00 29.00 29.00 29.00 16.00 16.00 16.00 16.00 16.00 16.00 16.00 16.00 25.00 25.00 25.00 25.00 25.00 25.00 25.00 25.00 25.00 41.00 41.00 41.00 41.00 41.00 41.00 41.00 41.00 31.00 31.00 31.00 31.00 31.00 31.00 31.00 31.00 30.00 30.00 30.00 30.00 30.00
39.00 39.00 29.00 29.00 29.00 29.00 29.00 29.00 29.00 29.00 16.00 16.00 16.00 16.00 16.00 16.00 16.00 16.00 25.00 25.00 25.00 25.00 25.00 25.00 25.00 25.00 25.00 41.00 41.00 41.00 41.00 41.00 41.00 41.00 41.00 31.00 31.00 31.00 31.00 31.00 31.00 31.00 31.00 30.00 30.00 30.00 30.00 30.00
39.00 39.00 29.00 29.00 29.00 29.00 29.00 29.00 29.00 29.00 16.00 16.00 16.00 16.00 16.00 16.00 16.00 16.00 25.00 25.00 25.00 25.00 25.00 25.00 25.00 25.00 25.00 41.00 41.00 41.00 41.00 41.00 41.00 41.00 41.00 31.00 31.00 31.00 31.00 31.00 31.00 31.00 31.00 30.00 30.00 30.00 30.00 30.00
39.00 39.00 29.00 29.00 29.00 29.00 29.00 29.00 29.00 29.00 16.00 16.00 16.00 16.00 16.00 16.00 16.00 16.00 25.00 25.00 25.00 25.00 25.00 25.00 25.00 25.00 25.00 41.00 41.00 41.00 41.00 41.00 41.00 41.00 41.00 31.00 31.00 31.00 31.00 31.00 31.00 31.00 31.00 30.00 30.00 30.00 30.00 30.00
39.00 39.00 29.00 29.00 29.00 29.00 29.00 29.00 29.00 29.00 16.00 16.00 16.00 16.00 16.00 16.00 16.00 16.00 25.00 25.00 25.00 25.00 25.00 25.00 25.00 25.00 25.00 41.00 41.00 41.00 41.00 41.00 41.00 41.00 41.00 31.00 31.00 31.00 31.00 31.00 31.00 31.00 31.00 30.00 30.00 30.00 30.00 30.00
39.00 39.00 29.00 29.00 29.00 29.00 29.00 29.00 29.00 29.00 16.00 16.00 16.00 16.00 16.00 16.00 16.00 16.00 25.00 25.00 25.00 25.00 25.00 25.00 25.00 25.00 25.00 41.00 41.00 41.00 41.00 41.00 41.00 41.00 41.00 31.00 31.00 31.00 31.00 31.00 31.00 31.00 31.00 30.00 30.00 30.00 30.00 30.00
39.00 39.00 29.00 29.00 29.00 29.00 29.00 29.00 29.00 29.00 16.00 16.00 16.00 16.00 16.00 16.00 16.00 16.00 25.00 25.00 25.00 25.00 25.00 25.00 25.00 25.00 25.00 41.00 41.00 41.00 41.00 41.00 41.00 41.00 41.00 31.00 31.00 31.00 31.00 31.00 31.00 31.00 31.00 30.00 30.00 30.00 30.00 30.00
39.00 39.00 29.00 29.00 29.00 29.00 29.00 29.00 29.00 29.00 16.00 16.00 16.00 16.00 16.00 16.00 16.00 16.00 25.00 25.00 25.00 25.00 25.00 25.00 25.00 25.00 25.00 41.00 41.00 41.00 41.00 41.00 41.00 41.00 41.00 31.00 31.00 31.00 31.00 31.00 31.00 31.00 31.00 30.00 30.00 30.00 30.00 30.00
39.00 39.00 29.00 29.00 29.00 29.00 29.00 29.00 29.00 29.00 16.00 16.00 16.00 16.00 16.00 16.00 16.00 16.00 25.00 25.00 25.00 25.00 25.00 25.00 25.00 25.00 25.00 41.00 41.00 41.00 41.00 41.00 41.00 41.00 41.00 31.00 31.00 31.00 31.00 31.00 31.00 31.00 31.00 30.00 30.00 30.00 30.00 30.00
39.00 39.00 29.00 29.00 29.00 29.00 29.00 29.00 29.00 29.00 16.00 16.00 16.00 16.00 16.00 16.00 16.00 16.00 25.00 25.00 25.00 25.00 25.00 25.00 25.00 25.00 25.00 41.00 41.00 41.00 41.00 41.00 41.00 41.00 41.00 31.00 31.00 31.00 31.00 31.00 31.00 31.00 31.00 30.00 30.00 30.00 30.00 30.00
39.00 39.00 29.00 29.00 29.00 29.00 29.00 29.00 29.00 29.00 16.00 16.00 16.00 16.00 16.00 16.00 16.00 16.00 25.00 25.00 25.00 25.00 25.00 25.00 25.00 25.00 25.00 41.00 41.00 41.00 41.00 41.00 41.00 41.00 41.00 31.00 31.00 31.00 31.00 31.00 31.00 31.00 31.00 30.00 30.00 30.00 30.00 30.00
39.00 39.00 29.00 29.00 29.00 29.00 29.00 29.00 29.00 29.00 16.00 16.00 16.00 16.00 16.00 16.00 16.00 16.00 25.00 25.00 25.00 25.00 25.00 25.00 25.00 25.00 25.00 41.00 41.00 41.00 41.00 41.00 41.00 41.00 41.00 31.00 31.00 31.00 31.00 31.00 31.00 31.00 31.00 30.00 30.00 30.00 30.00 30.00
27.00 27.00 27.00 27.00 27.00 27.00 27.00 27.00 27.00 27.00 17.00 17.00 17.00 17.00 17.00 17.00 17.00 17.00 10.00 10.00 10.00 10.00 10.00 10.00 10.00 10.00 10.00 40.00 40.00 40.00 40.00 40.00 40.00 40.00 40.00 29.00 29.00 29.00 29.00 29.00 29.00 29.00 29.00 35.00 35.00 35.00 35.00 35.00
27.00 27.00 27.00 27.00 27.00 27.00 27.00 27.00 27.00 27.00 17.00 17.00 17.00 17.00 17.00 17.00 17.00 17.00 10.00 10.00 10.00 10.00 10.00 10.00 10.00 10.00 10.00 40.00 40.00 40.00 40.00 40.00 40.00 40.00 40.00 29.00 29.00 29.00 29.00 29.00 29.00 29.00 29.00 35.00 35.00 35.00 35.00 35.00
27.00 27.00 27.00 27.00 27.00 27.00 27.00 27.00 27.00 27.00 17.00 17.00 17.00 17.00 17.00 17.00 17.00 17.00 10.00 10.00 10.00 10.00 10.00 10.00 10.00 10.00 10.00 40.00 40.00 40.00 40.00 40.00 40.00 40.00 40.00 29.00 29.00 29.00 29.00 29.00 29.00 29.00 29.00 35.00 35.00 35.00 35.00 35.00
27.00 27.00 27.00 27.00 27.00 27.00 27.00 27.00 27.00 27.00 17.00 17.00 17.00 17.00 17.00 17.00 17.00 17.00 10.00 10.00 10.00 10.00 10.00 10.00 10.00 10.00 10.00 40.00 40.00 40.00 40.00 40.00 40.00 40.00 40.00 29.00 29.00 29.00 29.00 29.00 29.00 29.00 29.00 35.00 35.00 35.00 35.00 35.00
27.00 27.00 27.00 27.00 27.00 27.00 27.00 27.00 27.00 27.00 17.00 17.00 17.00 17.00 17.00 17.00 17.00 17.00 10.00 10.00 10.00 10.00 10.00 10.00 10.00 10.00 10.00 40.00 40.00 40.00 40.00 40.00 40.00 40.00 40.00 29.00 29.00 29.00 29.00 29.00 29.00 29.00 29.00 35.00 35.00 35.00 35.00 35.00
27.00 27.00 27.00 27.00 27.00 27.00 27.00 27.00 27.00 27.00 17.00 17.00 17.00 17.00 17.00 17.00 17.00 17.00 10.00 10.00 10.00 10.00 10.00 10.00 10.00 10.00 10.00 40.00 40.00 40.00 40.00 40.00 40.00 40.00 40.00 29.00 29.00 29.00 29.00 29.00 29.00 29.00 29.00 35.00 35.00 35.00 35.00 35.00
