48 23.7 23.72 90.405 90.425
16.00 16.00 16.00 16.00 16.00 16.00 16.00 16.00 16.00 16.00 16.00 16.00 16.00 16.00 16.00 16.00 16.00 16.00 17.00 17.00 17.00 17.00 17.00 17.00 17.00 17.00 17.00 17.00 18.00 18.00 18.00 18.00 18.00 18.00 18.00 18.00 18.00 18.00 15.00 15.00 15.00 15.00 15.00 17.00 17.00 17.00 17.00 19.00
16.00 16.00 16.00 16.00 16.00 16.00 16.00 16.00 16.00 16.00 16.00 16.00 16.00 16.00 16.00 16.00 16.00 16.00 17.00 17.00 17.00 17.00 17.00 17.00 17.00 17.00 17.00 17.00 18.00 18.00 18.00 18.00 18.00 18.00 18.00 18.00 18.00 18.00 15.00 15.00 15.00 15.00 15.00 17.00 17.00 17.00 17.00 19.00
16.00 16.00 16.00 16.00 16.00 16.00 16.00 16.00 16.00 16.00 16.00 16.00 16.00 16.00 16.00 16.00 16.00 16.00 17.00 17.00 17.00 17.00 17.00 17.00 17.00 17.00 17.00 17.00 18.00 18.00 18.00 18.00 18.00 18.00 18.00 18.00 18.00 18.00 15.00 15.00 15.00 15.00 15.00 17.00 17.00 17.00 17.00 19.00
15.00 15.00 15.00 16.00 16.00 16.00 16.00 16.00 17.00 17.00 17.00 17.00 17.00 15.00 15.00 15.00 15.00 15.00 15.00 15.00 15.00 15.00 15.00 16.00 16.00 16.00 16.00 16.00 20.00 20.00 20.00 20.00 20.00 15.00 15.00 15.00 15.00 15.00 14.00 14.00 14.00 14.00 14.00 16.00 16.00 16.00 16.00 12.00
15.00 15.00 15.00 16.00 16.00 16.00 16.00 16.00 17.00 17.00 17.00 17.00 17.00 15.00 15.00 15.00 15.00 15.00 15.00 15.00 15.00 15.00 15.00 16.00 16.00 16.00 16.00 16.00 20.00 20.00 20.00 20.00 20.00 15.00 15.00 15.00 15.00 15.00 14.00 14.00 14.00 14.00 14.00 16.00 16.00 16.00 16.00 12.00
15.00 15.00 15.00 16.00 16.00 16.00 16.00 16.00 17.00 17.00 17.00 17.00 17.00 15.00 15.00 15.00 15.00 15.00 15.00 15.00 15.00 15.00 15.00 16.00 16.00 16.00 16.00 16.00 20.00 20.00 20.00 20.00 20.00 15.00 15.00 15.00 15.00 15.00 14.00 14.00 14.00 14.00 14.00 16.00 16.00 16.00 16.00 12.00
15.00 15.00 15.00 16.00 16.00 16.00 16.00 16.00 17.00 17.00 17.00 17.00 17.00 15.00 15.00 15.00 15.00 15.00 15.00 15.00 15.00 15.00 15.00 16.00 16.00 16.00 16.00 16.00 20.00 20.00 20.00 20.00 20.00 15.00 15.00 15.00 15.00 15.00 14.00 14.00 14.00 14.00 14.00 16.00 16.00 16.00 16.00 12.00
15.00 15.00 15.00 16.00 16.00 16.00 16.00 16.00 17.00 17.00 17.00 17.00 17.00 15.00 15.00 15.00 15.00 15.00 15.00 15.00 15.00 15.00 15.00 16.00 16.00 16.00 16.00 16.00 20.00 20.00 20.00 20.00 20.00 15.00 15.00 15.00 15.00 15.00 14.00 14.00 14.00 14.00 14.00 16.00 16.00 16.00 16.00 12.00
14.00 14.00 14.00 11.00 11.00 11.00 11.00 11.00 16.00 16.00 16.00 16.00 16.00 15.00 15.00 15.00 15.00 15.00 12.00 12.00 12.00 12.00 12.00 17.00 17.00 17.00 17.00 17.00 16.00 16.00 16.00 16.00 16.00 12.00 12.00 12.00 12.00 12.00 12.00 12.00 12.00 12.00 12.00 13.00 13.00 13.00 13.00 10.00
14.00 14.00 14.00 11.00 11.00 11.00 11.00 11.00 16.00 16.00 16.00 16.00 16.00 15.00 15.00 15.00 15.00 15.00 12.00 12.00 12.00 12.00 12.00 17.00 17.00 17.00 17.00 17.00 16.00 16.00 16.00 16.00 16.00 12.00 12.00 12.00 12.00 12.00 12.00 12.00 12.00 12.00 12.00 13.00 13.00 13.00 13.00 10.00
14.00 14.00 14.00 11.00 11.00 11.00 11.00 11.00 16.00 16.00 16.00 16.00 16.00 15.00 15.00 15.00 15.00 15.00 12.00 12.00 12.00 12.00 12.00 17.00 17.00 17.00 17.00 17.00 16.00 16.00 16.00 16.00 16.00 12.00 12.00 12.00 12.00 12.00 12.00 12.00 12.00 12.00 12.00 13.00 13.00 13.00 13.00 10.00
14.00 14.00 14.00 11.00 11.00 11.00 11.00 11.00 16.00 16.00 16.00 16.00 16.00 15.00 15.00 15.00 15.00 15.00 12.00 12.00 12.00 12.00 12.00 17.00 17.00 17.00 17.00 17.00 16.00 16.00 16.00 16.00 16.00 12.00 12.00 12.00 12.00 12.00 12.00 12.00 12.00 12.00 12.00 13.00 13.00 13.00 13.00 10.00
14.00 14.00 14.00 11.00 11.00 11.00 11.00 11.00 16.00 16.00 16.00 16.00 16.00 15.00 15.00 15.00 15.00 15.00 12.00 12.00 12.00 12.00 12.00 17.00 17.00 17.00 17.00 17.00 16.00 16.00 16.00 16.00 16.00 12.00 12.00 12.00 12.00 12.00 12.00 12.00 12.00 12.00 12.00 13.00 13.00 13.00 13.00 10.00
13.00 13.00 13.00 17.00 17.00 17.00 17.00 17.00 14.00 14.00 14.00 14.00 14.00 14.00 14.00 14.00 14.00 14.00 15.00 15.00 15.00 15.00 15.00 15.00 15.00 15.00 15.00 15.00 16.00 16.00 16.00 16.00 16.00 15.00 15.00 15.00 15.00 15.00 13.00 13.00 13.00 13.00 13.00 14.00 14.00 14.00 14.00 12.00
13.00 13.00 13.00 17.00 17.00 17.00 17.00 17.00 14.00 14.00 14.00 14.00 14.00 14.00 14.00 14.00 14.00 14.00 15.00 15.00 15.00 15.00 15.00 15.00 15.00 15.00 15.00 15.00 16.00 16.00 16.00 16.00 16.00 15.00 15.00 15.00 15.00 15.00 13.00 13.00 13.00 13.00 13.00 14.00 14.00 14.00 14.00 12.00
13.00 13.00 13.00 17.00 17.00 17.00 17.00 17.00 14.00 14.00 14.00 14.00 14.00 14.00 14.00 14.00 14.00 14.00 15.00 15.00 15.00 15.00 15.00 15.00 15.00 15.00 15.00 15.00 16.00 16.00 16.00 16.00 16.00 15.00 15.00 15.00 15.00 15.00 13.00 13.00 13.00 13.00 13.00 14.00 14.00 14.00 14.00 12.00
13.00 13.00 13.00 17.00 17.00 17.00 17.00 17.00 14.00 14.00 14.00 14.00 14.00 14.00 14.00 14.00 14.00 14.00 15.00 15.00 15.00 15.00 15.00 15.00 15.00 15.00 15.00 15.00 16.00 16.00 16.00 16.00 16.00 15.00 15.00 15.00 15.00 15.00 13.00 13.00 13.00 13.00 13.00 14.00 14.00 14.00 14.00 12.00
13.00 13.00 13.00 17.00 17.00 17.00 17.00 17.00 14.00 14.00 14.00 14.00 14.00 14.00 14.00 14.00 14.00 14.00 15.00 15.00 15.00 15.00 15.00 15.00 15.00 15.00 15.00 15.00 16.00 16.00 16.00 16.00 16.00 15.00 15.00 15.00 15.00 15.00 13.00 13.00 13.00 13.00 13.00 14.00 14.00 14.00 14.00 12.00
21.00 21.00 21.00 21.00 21.00 21.00 21.00 21.00 16.00 16.00 16.00 16.00 16.00 15.00 15.00 15.00 15.00 15.00 15.00 15.00 15.00 15.00 15.00 13.00 13.00 13.00 13.00 13.00 16.00 16.00 16.00 16.00 16.00 16.00 16.00 16.00 16.00 16.00 14.00 14.00 14.00 14.00 14.00 12.00 12.00 12.00 12.00 11.00
21.00 21.00 21.00 21.00 21.00 21.00 21.00 21.00 16.00 16.00 16.00 16.00 16.00 15.00 15.00 15.00 15.00 15.00 15.00 15.00 15.00 15.00 15.00 13.00 13.00 13.00 13.00 13.00 16.00 16.00 16.00 16.00 16.00 16.00 16.00 16.00 16.00 16.00 14.00 14.00 14.00 14.00 14.00 12.00 12.00 12.00 12.00 11.00
21.00 21.00 21.00 21.00 21.00 21.00 21.00 21.00 16.00 16.00 16.00 16.00 16.00 15.00 15.00 15.00 15.00 15.00 15.00 15.00 15.00 15.00 15.00 13.00 13.00 13.00 13.00 13.00 16.00 16.00 16.00 16.00 16.00 16.00 16.00 16.00 16.00 16.00 14.00 14.00 14.00 14.00 14.00 12.00 12.00 12.00 12.00 11.00
21.00 21.00 21.00 21.00 21.00 21.00 21.00 21.00 16.00 16.00 16.00 16.00 16.00 15.00 15.00 15.00 15.00 15.00 15.00 15.00 15.00 15.00 15.00 13.00 13.00 13.00 13.00 13.00 16.00 16.00 16.00 16.00 16.00 16.00 16.00 16.00 16.00 16.00 14.00 14.00 14.00 14.00 14.00 12.00 12.00 12.00 12.00 11.00
21.00 21.00 21.00 21.00 21.00 21.00 21.00 21.00 16.00 16.00 16.00 16.00 16.00 15.00 15.00 15.00 15.00 15.00 15.00 15.00 15.00 15.00 15.00 13.00 13.00 13.00 13.00 13.00 16.00 16.00 16.00 16.00 16.00 16.00 16.00 16.00 16.00 16.00 14.00 14.00 14.00 14.00 14.00 12.00 12.00 12.00 12.00 11.00
12.00 12.00 12.00 19.00 19.00 19.00 19.00 19.00 17.00 17.00 17.00 17.00 17.00 15.00 15.00 15.00 15.00 15.00 15.00 15.00 15.00 15.00 15.00 17.00 17.00 17.00 17.00 17.00 14.00 14.00 14.00 14.00 14.00 9.00 9.00 9.00 9.00 9.00 12.00 12.00 12.00 12.00 12.00 10.00 10.00 10.00 10.00 11.00
12.00 12.00 12.00 19.00 19.00 19.00 19.00 19.00 17.00 17.00 17.00 17.00 17.00 15.00 15.00 15.00 15.00 15.00 15.00 15.00 15.00 15.00 15.00 17.00 17.00 17.00 17.00 17.00 14.00 14.00 14.00 14.00 14.00 9.00 9.00 9.00 9.00 9.00 12.00 12.00 12.00 12.00 12.00 10.00 10.00 10.00 10.00 11.00
12.00 12.00 12.00 19.00 19.00 19.00 19.00 19.00 17.00 17.00 17.00 17.00 17.00 15.00 15.00 15.00 15.00 15.00 15.00 15.00 15.00 15.00 15.00 17.00 17.00 17.00 17.00 17.00 14.00 14.00 14.00 14.00 14.00 9.00 9.00 9.00 9.00 9.00 12.00 12.00 12.00 12.00 12.00 10.00 10.00 10.00 10.00 11.00
12.00 12.00 12.00 19.00 19.00 19.00 19.00 19.00 17.00 17.00 17.00 17.00 17.00 15.00 15.00 15.00 15.00 15.00 15.00 15.00 15.00 15.00 15.00 17.00 17.00 17.00 17.00 17.00 14.00 14.00 14.00 14.00 14.00 9.00 9.00 9.00 9.00 9.00 12.00 12.00 12.00 12.00 12.00 10.00 10.00 10.00 10.00 11.00
12.00 12.00 12.00 19.00 19.00 19.00 19.00 19.00 17.00 17.00 17.00 17.00 17.00 15.00 15.00 15.00 15.00 15.00 15.00 15.00 15.00 15.00 15.00 17.00 17.00 17.00 17.00 17.00 14.00 14.00 14.00 14.00 14.00 9.00 9.00 9.00 9.00 9.00 12.00 12.00 12.00 12.00 12.00 10.00 10.00 10.00 10.00 11.00
1.00 1.00 1.00 10.00 10.00 10.00 10.00 10.00 17.00 17.00 17.00 17.00 17.00 15.00 15.00 15.00 15.00 15.00 18.00 18.00 18.00 18.00 18.00 17.00 17.00 17.00 17.00 17.00 17.00 17.00 17.00 17.00 17.00 12.00 12.00 12.00 12.00 12.00 15.00 15.00 15.00 15.00 15.00 12.00 12.00 12.00 12.00 10.00
1.00 1.00 1.00 10.00 10.00 10.00 10.00 10.00 17.00 17.00 17.00 17.00 17.00 15.00 15.00 15.00 15.00 15.00 18.00 18.00 18.00 18.00 18.00 17.00 17.00 17.00 17.00 17.00 17.00 17.00 17.00 17.00 17.00 12.00 12.00 12.00 12.00 12.00 15.00 15.00 15.00 15.00 15.00 12.00 12.00 12.00 12.00 10.00
1.00 1.00 1.00 10.00 10.00 10.00 10.00 10.00 17.00 17.00 17.00 17.00 17.00 15.00 15.00 15.00 15.00 15.00 18.00 18.00 18.00 18.00 18.00 17.00 17.00 17.00 17.00 17.00 17.00 17.00 17.00 17.00 17.00 12.00 12.00 12.00 12.00 12.00 15.00 15.00 15.00 15.00 15.00 12.00 12.00 12.00 12.00 10.00
1.00 1.00 1.00 10.00 10.00 10.00 10.00 10.00 17.00 17.00 17.00 17.00 17.00 15.00 15.00 15.00 15.00 15.00 18.00 18.00 18.00 18.00 18.00 17.00 17.00 17.00 17.00 17.00 17.00 17.00 17.00 17.00 17.00 12.00 12.00 12.00 12.00 12.00 15.00 15.00 15.00 15.00 15.00 12.00 12.00 12.00 12.00 10.00
1.00 1.00 1.00 10.00 10.00 10.00 10.00 10.00 17.00 17.00 17.00 17.00 17.00 15.00 15.00 15.00 15.00 15.00 18.00 18.00 18.00 18.00 18.00 17.00 17.00 17.00 17.00 17.00 17.00 17.00 17.00 17.00 17.00 12.00 12.00 12.00 12.00 12.00 15.00 15.00 15.00 15.00 15.00 12.00 12.00 12.00 12.00 10.00
6.00 6.00 6.00 1.00 1.00 1.00 1.00 1.00 4.00 4.00 4.00 4.00 4.00 17.00 17.00 17.00 17.00 17.00 15.00 15.00 15.00 15.00 15.00 15.00 15.00 15.00 15.00 15.00 13.00 13.00 13.00 13.00 13.00 13.00 13.00 13.00 13.00 13.00 19.00 19.00 19.00 19.00 19.00 15.00 15.00 15.00 15.00 11.00
6.00 6.00 6.00 1.00 1.00 1.00 1.00 1.00 4.00 4.00 4.00 4.00 4.00 17.00 17.00 17.00 17.00 17.00 15.00 15.00 15.00 15.00 15.00 15.00 15.00 15.00 15.00 15.00 13.00 13.00 13.00 13.00 13.00 13.00 13.00 13.00 13.00 13.00 19.00 19.00 19.00 19.00 19.00 15.00 15.00 15.00 15.00 11.00
6.00 6.00 6.00 1.00 1.00 1.00 1.00 1.00 4.00 4.00 4.00 4.00 4.00 17.00 17.00 17.00 17.00 17.00 15.00 15.00 15.00 15.00 15.00 15.00 15.00 15.00 15.00 15.00 13.00 13.00 13.00 13.00 13.00 13.00 13.00 13.00 13.00 13.00 19.00 19.00 19.00 19.00 19.00 15.00 15.00 15.00 15.00 11.00
6.00 6.00 6.00 1.00 1.00 1.00 1.00 1.00 4.00 4.00 4.00 4.00 4.00 17.00 17.00 17.00 17.00 17.00 15.00 15.00 15.00 15.00 15.00 15.00 15.00 15.00 15.00 15.00 13.00 13.00 13.00 13.00 13.00 13.00 13.00 13.00 13.00 13.00 19.00 19.00 19.00 19.00 19.00 15.00 15.00 15.00 15.00 11.00
6.00 6.00 6.00 1.00 1.00 1.00 1.00 1.00 4.00 4.00 4.00 4.00 4.00 17.00 17.00 17.00 17.00 17.00 15.00 15.00 15.00 15.00 15.00 15.00 15.00 15.00 15.00 15.00 13.00 13.00 13.00 13.00 13.00 13.00 13.00 13.00 13.00 13.00 19.00 19.00 19.00 19.00 19.00 15.00 15.00 15.00 15.00 11.00
10.00 10.00 10.00 13.00 13.00 13.00 13.00 13.00 2.00 2.00 2.00 2.00 2.00 2.00 2.00 2.00 2.00 2.00 12.00 12.00 12.00 12.00 12.00 15.00 15.00 15.00 15.00 15.00 14.00 14.00 14.00 14.00 14.00 13.00 13.00 13.00 13.00 13.00 14.00 14.00 14.00 14.00 14.00 16.00 16.00 16.00 16.00 15.00
10.00 10.00 10.00 13.00 13.00 13.00 13.00 13.00 2.00 2.00 2.00 2.00 2.00 2.00 2.00 2.00 2.00 2.00 12.00 12.00 12.00 12.00 12.00 15.00 15.00 15.00 15.00 15.00 14.00 14.00 14.00 14.00 14.00 13.00 13.00 13.00 13.00 13.00 14.00 14.00 14.00 14.00 14.00 16.00 16.00 16.00 16.00 15.00
10.00 10.00 10.00 13.00 13.00 13.00 13.00 13.00 2.00 2.00 2.00 2.00 2.00 2.00 2.00 2.00 2.00 2.00 12.00 12.00 12.00 12.00 12.00 15.00 15.00 15.00 15.00 15.00 14.00 14.00 14.00 14.00 14.00 13.00 13.00 13.00 13.00 13.00 14.00 14.00 14.00 14.00 14.00 16.00 16.00 16.00 16.00 15.00
10.00 10.00 10.00 13.00 13.00 13.00 13.00 13.00 2.00 2.00 2.00 2.00 2.00 2.00 2.00 2.00 2.00 2.00 12.00 12.00 12.00 12.00 12.00 15.00 15.00 15.00 15.00 15.00 14.00 14.00 14.00 14.00 14.00 13.00 13.00 13.00 13.00 13.00 14.00 14.00 14.00 14.00 14.00 16.00 16.00 16.00 16.00 15.00
10.00 10.00 10.00 13.00 13.00 13.00 13.00 13.00 2.00 2.00 2.00 2.00 2.00 2.00 2.00 2.00 2.00 2.00 12.00 12.00 12.00 12.00 12.00 15.00 15.00 15.00 15.00 15.00 14.00 14.00 14.00 14.00 14.00 13.00 13.00 13.00 13.00 13.00 14.00 14.00 14.00 14.00 14.00 16.00 16.00 16.00 16.00 15.00
11.00 11.00 11.00 10.00 10.00 10.00 10.00 10.00 10.00 10.00 10.00 10.00 10.00 4.00 4.00 4.00 4.00 4.00 0.00 0.00 0.00 0.00 0.00 3.00 3.00 3.00 3.00 3.00 12.00 12.00 12.00 12.00 12.00 12.00 12.00 12.00 12.00 12.00 14.00 14.00 14.00 14.00 14.00 14.00 14.00 14.00 14.00 15.00
11.00 11.00 11.00 10.00 10.00 10.00 10.00 10.00 10.00 10.00 10.00 10.00 10.00 4.00 4.00 4.00 4.00 4.00 0.00 0.00 0.00 0.00 0.00 3.00 3.00 3.00 3.00 3.00 12.00 12.00 12.00 12.00 12.00 12.00 12.00 12.00 12.00 12.00 14.00 14.00 14.00 14.00 14.00 14.00 14.00 14.00 14.00 15.00
11.00 11.00 11.00 10.00 10.00 10.00 10.00 10.00 10.00 10.00 10.00 10.00 10.00 4.00 4.00 4.00 4.00 4.00 0.00 0.00 0.00 0.00 0.00 3.00 3.00 3.00 3.00 3.00 12.00 12.00 12.00 12.00 12.00 12.00 12.00 12.00 12.00 12.00 14.00 14.00 14.00 14.00 14.00 14.00 14.00 14.00 14.00 15.00
11.00 11.00 11.00 10.00 10.00 10.00 10.00 10.00 10.00 10.00 10.00 10.00 10.00 4.00 4.00 4.00 4.00 4.00 0.00 0.00 0.00 0.00 0.00 3.00 3.00 3.00 3.00 3.00 12.00 12.00 12.00 12.00 12.00 12.00 12.00 12.00 12.00 12.00 14.00 14.00 14.00 14.00 14.00 14.00 14.00 14.00 14.00 15.00
11.00 11.00 11.00 10.00 10.00 10.00 10.00 10.00 10.00 10.00 10.00 10.00 10.00 4.00 4.00 4.00 4.00 4.00 0.00 0.00 0.00 0.00 0.00 3.00 3.00 3.00 3.00 3.00 12.00 12.00 12.00 12.00 12.00 12.00 12.00 12.00 12.00 12.00 14.00 14.00 14.00 14.00 14.00 14.00 14.00 14.00 14.00 15.00
