48 9.4676 9.4896 76.3749 76.3989
-2.00 -2.00 -2.00 -2.00 -2.00 -2.00 -2.00 -2.00 -2.00 2.00 2.00 2.00 2.00 5.00 5.00 5.00 5.00 5.00 5.00 5.00 5.00 8.00 8.00 8.00 8.00 4.00 4.00 4.00 4.00 2.00 2.00 2.00 2.00 2.00 2.00 2.00 2.00 0.00 0.00 0.00 0.00 1.00 1.00 1.00 1.00 1.00 0.00 0.00
-2.00 -2.00 -2.00 -2.00 -2.00 -2.00 -2.00 -2.00 -2.00 8.00 8.00 8.00 8.00 7.00 7.00 7.00 7.00 5.00 5.00 5.00 5.00 3.00 3.00 3.00 3.00 4.00 4.00 4.00 4.00 4.00 4.00 4.00 4.00 3.00 3.00 3.00 3.00 4.00 4.00 4.00 4.00 0.00 0.00 0.00 0.00 0.00 1.00 1.00
-2.00 -2.00 -2.00 -2.00 -2.00 -2.00 -2.00 -2.00 -2.00 8.00 8.00 8.00 8.00 7.00 7.00 7.00 7.00 5.00 5.00 5.00 5.00 3.00 3.00 3.00 3.00 4.00 4.00 4.00 4.00 4.00 4.00 4.00 4.00 3.00 3.00 3.00 3.00 4.00 4.00 4.00 4.00 0.00 0.00 0.00 0.00 0.00 1.00 1.00
-2.00 -2.00 -2.00 -2.00 -2.00 -2.00 -2.00 -2.00 -2.00 8.00 8.00 8.00 8.00 7.00 7.00 7.00 7.00 5.00 5.00 5.00 5.00 3.00 3.00 3.00 3.00 4.00 4.00 4.00 4.00 4.00 4.00 4.00 4.00 3.00 3.00 3.00 3.00 4.00 4.00 4.00 4.00 0.00 0.00 0.00 0.00 0.00 1.00 1.00
-2.00 -2.00 -2.00 -2.00 -2.00 -2.00 -2.00 -2.00 -2.00 8.00 8.00 8.00 8.00 7.00 7.00 7.00 7.00 5.00 5.00 5.00 5.00 3.00 3.00 3.00 3.00 4.00 4.00 4.00 4.00 4.00 4.00 4.00 4.00 3.00 3.00 3.00 3.00 4.00 4.00 4.00 4.00 0.00 0.00 0.00 0.00 0.00 1.00 1.00
-1.00 -2.00 -2.00 -2.00 -2.00 -3.00 -3.00 -3.00 -3.00 5.00 5.00 5.00 5.00 7.00 7.00 7.00 7.00 10.00 10.00 10.00 10.00 2.00 2.00 2.00 2.00 2.00 2.00 2.00 2.00 3.00 3.00 3.00 3.00 2.00 2.00 2.00 2.00 4.00 4.00 4.00 4.00 4.00 4.00 4.00 4.00 4.00 3.00 3.00
-1.00 -2.00 -2.00 -2.00 -2.00 -3.00 -3.00 -3.00 -3.00 5.00 5.00 5.00 5.00 7.00 7.00 7.00 7.00 10.00 10.00 10.00 10.00 2.00 2.00 2.00 2.00 2.00 2.00 2.00 2.00 3.00 3.00 3.00 3.00 2.00 2.00 2.00 2.00 4.00 4.00 4.00 4.00 4.00 4.00 4.00 4.00 4.00 3.00 3.00
-1.00 -2.00 -2.00 -2.00 -2.00 -3.00 -3.00 -3.00 -3.00 5.00 5.00 5.00 5.00 7.00 7.00 7.00 7.00 10.00 10.00 10.00 10.00 2.00 2.00 2.00 2.00 2.00 2.00 2.00 2.00 3.00 3.00 3.00 3.00 2.00 2.00 2.00 2.00 4.00 4.00 4.00 4.00 4.00 4.00 4.00 4.00 4.00 3.00 3.00
-1.00 -2.00 -2.00 -2.00 -2.00 -3.00 -3.00 -3.00 -3.00 5.00 5.00 5.00 5.00 7.00 7.00 7.00 7.00 10.00 10.00 10.00 10.00 2.00 2.00 2.00 2.00 2.00 2.00 2.00 2.00 3.00 3.00 3.00 3.00 2.00 2.00 2.00 2.00 4.00 4.00 4.00 4.00 4.00 4.00 4.00 4.00 4.00 3.00 3.00
0.00 -3.00 -3.00 -3.00 -3.00 3.00 3.00 3.00 3.00 5.00 5.00 5.00 5.00 5.00 5.00 5.00 5.00 7.00 7.00 7.00 7.00 10.00 10.00 10.00 10.00 1.00 1.00 1.00 1.00 3.00 3.00 3.00 3.00 3.00 3.00 3.00 3.00 2.00 2.00 2.00 2.00 3.00 3.00 3.00 3.00 3.00 1.00 1.00
0.00 -3.00 -3.00 -3.00 -3.00 3.00 3.00 3.00 3.00 5.00 5.00 5.00 5.00 5.00 5.00 5.00 5.00 7.00 7.00 7.00 7.00 10.00 10.00 10.00 10.00 1.00 1.00 1.00 1.00 3.00 3.00 3.00 3.00 3.00 3.00 3.00 3.00 2.00 2.00 2.00 2.00 3.00 3.00 3.00 3.00 3.00 1.00 1.00
0.00 -3.00 -3.00 -3.00 -3.00 3.00 3.00 3.00 3.00 5.00 5.00 5.00 5.00 5.00 5.00 5.00 5.00 7.00 7.00 7.00 7.00 10.00 10.00 10.00 10.00 1.00 1.00 1.00 1.00 3.00 3.00 3.00 3.00 3.00 3.00 3.00 3.00 2.00 2.00 2.00 2.00 3.00 3.00 3.00 3.00 3.00 1.00 1.00
0.00 -3.00 -3.00 -3.00 -3.00 3.00 3.00 3.00 3.00 5.00 5.00 5.00 5.00 5.00 5.00 5.00 5.00 7.00 7.00 7.00 7.00 10.00 10.00 10.00 10.00 1.00 1.00 1.00 1.00 3.00 3.00 3.00 3.00 3.00 3.00 3.00 3.00 2.00 2.00 2.00 2.00 3.00 3.00 3.00 3.00 3.00 1.00 1.00
0.00 -3.00 -3.00 -3.00 -3.00 3.00 3.00 3.00 3.00 5.00 5.00 5.00 5.00 5.00 5.00 5.00 5.00 7.00 7.00 7.00 7.00 10.00 10.00 10.00 10.00 1.00 1.00 1.00 1.00 3.00 3.00 3.00 3.00 3.00 3.00 3.00 3.00 2.00 2.00 2.00 2.00 3.00 3.00 3.00 3.00 3.00 1.00 1.00
2.00 3.00 3.00 3.00 3.00 3.00 3.00 3.00 3.00 0.00 0.00 0.00 0.00 4.00 4.00 4.00 4.00 5.00 5.00 5.00 5.00 9.00 9.00 9.00 9.00 4.00 4.00 4.00 4.00 3.00 3.00 3.00 3.00 2.00 2.00 2.00 2.00 4.00 4.00 4.00 4.00 0.00 0.00 0.00 0.00 0.00 0.00 0.00
2.00 3.00 3.00 3.00 3.00 3.00 3.00 3.00 3.00 0.00 0.00 0.00 0.00 4.00 4.00 4.00 4.00 5.00 5.00 5.00 5.00 9.00 9.00 9.00 9.00 4.00 4.00 4.00 4.00 3.00 3.00 3.00 3.00 2.00 2.00 2.00 2.00 4.00 4.00 4.00 4.00 0.00 0.00 0.00 0.00 0.00 0.00 0.00
2.00 3.00 3.00 3.00 3.00 3.00 3.00 3.00 3.00 0.00 0.00 0.00 0.00 4.00 4.00 4.00 4.00 5.00 5.00 5.00 5.00 9.00 9.00 9.00 9.00 4.00 4.00 4.00 4.00 3.00 3.00 3.00 3.00 2.00 2.00 2.00 2.00 4.00 4.00 4.00 4.00 0.00 0.00 0.00 0.00 0.00 0.00 0.00
2.00 3.00 3.00 3.00 3.00 3.00 3.00 3.00 3.00 0.00 0.00 0.00 0.00 4.00 4.00 4.00 4.00 5.00 5.00 5.00 5.00 9.00 9.00 9.00 9.00 4.00 4.00 4.00 4.00 3.00 3.00 3.00 3.00 2.00 2.00 2.00 2.00 4.00 4.00 4.00 4.00 0.00 0.00 0.00 0.00 0.00 0.00 0.00
3.00 2.00 2.00 2.00 2.00 3.00 3.00 3.00 3.00 3.00 3.00 3.00 3.00 4.00 4.00 4.00 4.00 5.00 5.00 5.00 5.00 7.00 7.00 7.00 7.00 2.00 2.00 2.00 2.00 2.00 2.00 2.00 2.00 2.00 2.00 2.00 2.00 7.00 7.00 7.00 7.00 2.00 2.00 2.00 2.00 2.00 5.00 5.00
3.00 2.00 2.00 2.00 2.00 3.00 3.00 3.00 3.00 3.00 3.00 3.00 3.00 4.00 4.00 4.00 4.00 5.00 5.00 5.00 5.00 7.00 7.00 7.00 7.00 2.00 2.00 2.00 2.00 2.00 2.00 2.00 2.00 2.00 2.00 2.00 2.00 7.00 7.00 7.00 7.00 2.00 2.00 2.00 2.00 2.00 5.00 5.00
3.00 2.00 2.00 2.00 2.00 3.00 3.00 3.00 3.00 3.00 3.00 3.00 3.00 4.00 4.00 4.00 4.00 5.00 5.00 5.00 5.00 7.00 7.00 7.00 7.00 2.00 2.00 2.00 2.00 2.00 2.00 2.00 2.00 2.00 2.00 2.00 2.00 7.00 7.00 7.00 7.00 2.00 2.00 2.00 2.00 2.00 5.00 5.00
3.00 2.00 2.00 2.00 2.00 3.00 3.00 3.00 3.00 3.00 3.00 3.00 3.00 4.00 4.00 4.00 4.00 5.00 5.00 5.00 5.00 7.00 7.00 7.00 7.00 2.00 2.00 2.00 2.00 2.00 2.00 2.00 2.00 2.00 2.00 2.00 2.00 7.00 7.00 7.00 7.00 2.00 2.00 2.00 2.00 2.00 5.00 5.00
3.00 2.00 2.00 2.00 2.00 3.00 3.00 3.00 3.00 3.00 3.00 3.00 3.00 4.00 4.00 4.00 4.00 5.00 5.00 5.00 5.00 7.00 7.00 7.00 7.00 2.00 2.00 2.00 2.00 2.00 2.00 2.00 2.00 2.00 2.00 2.00 2.00 7.00 7.00 7.00 7.00 2.00 2.00 2.00 2.00 2.00 5.00 5.00
2.00 -1.00 -1.00 -1.00 -1.00 4.00 4.00 4.00 4.00 3.00 3.00 3.00 3.00 3.00 3.00 3.00 3.00 2.00 2.00 2.00 2.00 6.00 6.00 6.00 6.00 5.00 5.00 5.00 5.00 3.00 3.00 3.00 3.00 3.00 3.00 3.00 3.00 4.00 4.00 4.00 4.00 3.00 3.00 3.00 3.00 3.00 5.00 5.00
2.00 -1.00 -1.00 -1.00 -1.00 4.00 4.00 4.00 4.00 3.00 3.00 3.00 3.00 3.00 3.00 3.00 3.00 2.00 2.00 2.00 2.00 6.00 6.00 6.00 6.00 5.00 5.00 5.00 5.00 3.00 3.00 3.00 3.00 3.00 3.00 3.00 3.00 4.00 4.00 4.00 4.00 3.00 3.00 3.00 3.00 3.00 5.00 5.00
2.00 -1.00 -1.00 -1.00 -1.00 4.00 4.00 4.00 4.00 3.00 3.00 3.00 3.00 3.00 3.00 3.00 3.00 2.00 2.00 2.00 2.00 6.00 6.00 6.00 6.00 5.00 5.00 5.00 5.00 3.00 3.00 3.00 3.00 3.00 3.00 3.00 3.00 4.00 4.00 4.00 4.00 3.00 3.00 3.00 3.00 3.00 5.00 5.00
2.00 -1.00 -1.00 -1.00 -1.00 4.00 4.00 4.00 4.00 3.00 3.00 3.00 3.00 3.00 3.00 3.00 3.00 2.00 2.00 2.00 2.00 6.00 6.00 6.00 6.00 5.00 5.00 5.00 5.00 3.00 3.00 3.00 3.00 3.00 3.00 3.00 3.00 4.00 4.00 4.00 4.00 3.00 3.00 3.00 3.00 3.00 5.00 5.00
2.00 0.00 0.00 0.00 0.00 5.00 5.00 5.00 5.00 1.00 1.00 1.00 1.00 1.00 1.00 1.00 1.00 3.00 3.00 3.00 3.00 4.00 4.00 4.00 4.00 7.00 7.00 7.00 7.00 1.00 1.00 1.00 1.00 2.00 2.00 2.00 2.00 3.00 3.00 3.00 3.00 3.00 3.00 3.00 3.00 3.00 3.00 3.00
2.00 0.00 0.00 0.00 0.00 5.00 5.00 5.00 5.00 1.00 1.00 1.00 1.00 1.00 1.00 1.00 1.00 3.00 3.00 3.00 3.00 4.00 4.00 4.00 4.00 7.00 7.00 7.00 7.00 1.00 1.00 1.00 1.00 2.00 2.00 2.00 2.00 3.00 3.00 3.00 3.00 3.00 3.00 3.00 3.00 3.00 3.00 3.00
2.00 0.00 0.00 0.00 0.00 5.00 5.00 5.00 5.00 1.00 1.00 1.00 1.00 1.00 1.00 1.00 1.00 3.00 3.00 3.00 3.00 4.00 4.00 4.00 4.00 7.00 7.00 7.00 7.00 1.00 1.00 1.00 1.00 2.00 2.00 2.00 2.00 3.00 3.00 3.00 3.00 3.00 3.00 3.00 3.00 3.00 3.00 3.00
2.00 0.00 0.00 0.00 0.00 5.00 5.00 5.00 5.00 1.00 1.00 1.00 1.00 1.00 1.00 1.00 1.00 3.00 3.00 3.00 3.00 4.00 4.00 4.00 4.00 7.00 7.00 7.00 7.00 1.00 1.00 1.00 1.00 2.00 2.00 2.00 2.00 3.00 3.00 3.00 3.00 3.00 3.00 3.00 3.00 3.00 3.00 3.00
2.00 0.00 0.00 0.00 0.00 5.00 5.00 5.00 5.00 1.00 1.00 1.00 1.00 1.00 1.00 1.00 1.00 3.00 3.00 3.00 3.00 4.00 4.00 4.00 4.00 7.00 7.00 7.00 7.00 1.00 1.00 1.00 1.00 2.00 2.00 2.00 2.00 3.00 3.00 3.00 3.00 3.00 3.00 3.00 3.00 3.00 3.00 3.00
5.00 1.00 1.00 1.00 1.00 3.00 3.00 3.00 3.00 5.00 5.00 5.00 5.00 4.00 4.00 4.00 4.00 2.00 2.00 2.00 2.00 4.00 4.00 4.00 4.00 5.00 5.00 5.00 5.00 1.00 1.00 1.00 1.00 2.00 2.00 2.00 2.00 3.00 3.00 3.00 3.00 2.00 2.00 2.00 2.00 2.00 8.00 8.00
5.00 1.00 1.00 1.00 1.00 3.00 3.00 3.00 3.00 5.00 5.00 5.00 5.00 4.00 4.00 4.00 4.00 2.00 2.00 2.00 2.00 4.00 4.00 4.00 4.00 5.00 5.00 5.00 5.00 1.00 1.00 1.00 1.00 2.00 2.00 2.00 2.00 3.00 3.00 3.00 3.00 2.00 2.00 2.00 2.00 2.00 8.00 8.00
5.00 1.00 1.00 1.00 1.00 3.00 3.00 3.00 3.00 5.00 5.00 5.00 5.00 4.00 4.00 4.00 4.00 2.00 2.00 2.00 2.00 4.00 4.00 4.00 4.00 5.00 5.00 5.00 5.00 1.00 1.00 1.00 1.00 2.00 2.00 2.00 2.00 3.00 3.00 3.00 3.00 2.00 2.00 2.00 2.00 2.00 8.00 8.00
5.00 1.00 1.00 1.00 1.00 3.00 3.00 3.00 3.00 5.00 5.00 5.00 5.00 4.00 4.00 4.00 4.00 2.00 2.00 2.00 2.00 4.00 4.00 4.00 4.00 5.00 5.00 5.00 5.00 1.00 1.00 1.00 1.00 2.00 2.00 2.00 2.00 3.00 3.00 3.00 3.00 2.00 2.00 2.00 2.00 2.00 8.00 8.00
4.00 -1.00 -1.00 -1.00 -1.00 2.00 2.00 2.00 2.00 -1.00 -1.00 -1.00 -1.00 6.00 6.00 6.00 6.00 3.00 3.00 3.00 3.00 6.00 6.00 6.00 6.00 5.00 5.00 5.00 5.00 3.00 3.00 3.00 3.00 2.00 2.00 2.00 2.00 5.00 5.00 5.00 5.00 2.00 2.00 2.00 2.00 2.00 6.00 6.00
4.00 -1.00 -1.00 -1.00 -1.00 2.00 2.00 2.00 2.00 -1.00 -1.00 -1.00 -1.00 6.00 6.00 6.00 6.00 3.00 3.00 3.00 3.00 6.00 6.00 6.00 6.00 5.00 5.00 5.00 5.00 3.00 3.00 3.00 3.00 2.00 2.00 2.00 2.00 5.00 5.00 5.00 5.00 2.00 2.00 2.00 2.00 2.00 6.00 6.00
4.00 -1.00 -1.00 -1.00 -1.00 2.00 2.00 2.00 2.00 -1.00 -1.00 -1.00 -1.00 6.00 6.00 6.00 6.00 3.00 3.00 3.00 3.00 6.00 6.00 6.00 6.00 5.00 5.00 5.00 5.00 3.00 3.00 3.00 3.00 2.00 2.00 2.00 2.00 5.00 5.00 5.00 5.00 2.00 2.00 2.00 2.00 2.00 6.00 6.00
4.00 -1.00 -1.00 -1.00 -1.00 2.00 2.00 2.00 2.00 -1.00 -1.00 -1.00 -1.00 6.00 6.00 6.00 6.00 3.00 3.00 3.00 3.00 6.00 6.00 6.00 6.00 5.00 5.00 5.00 5.00 3.00 3.00 3.00 3.00 2.00 2.00 2.00 2.00 5.00 5.00 5.00 5.00 2.00 2.00 2.00 2.00 2.00 6.00 6.00
4.00 -1.00 -1.00 -1.00 -1.00 2.00 2.00 2.00 2.00 -1.00 -1.00 -1.00 -1.00 6.00 6.00 6.00 6.00 3.00 3.00 3.00 3.00 6.00 6.00 6.00 6.00 5.00 5.00 5.00 5.00 3.00 3.00 3.00 3.00 2.00 2.00 2.00 2.00 5.00 5.00 5.00 5.00 2.00 2.00 2.00 2.00 2.00 6.00 6.00
2.00 4.00 4.00 4.00 4.00 3.00 3.00 3.00 3.00 3.00 3.00 3.00 3.00 4.00 4.00 4.00 4.00 3.00 3.00 3.00 3.00 7.00 7.00 7.00 7.00 6.00 6.00 6.00 6.00 4.00 4.00 4.00 4.00 3.00 3.00 3.00 3.00 3.00 3.00 3.00 3.00 2.00 2.00 2.00 2.00 2.00 8.00 8.00
2.00 4.00 4.00 4.00 4.00 3.00 3.00 3.00 3.00 3.00 3.00 3.00 3.00 4.00 4.00 4.00 4.00 3.00 3.00 3.00 3.00 7.00 7.00 7.00 7.00 6.00 6.00 6.00 6.00 4.00 4.00 4.00 4.00 3.00 3.00 3.00 3.00 3.00 3.00 3.00 3.00 2.00 2.00 2.00 2.00 2.00 8.00 8.00
2.00 4.00 4.00 4.00 4.00 3.00 3.00 3.00 3.00 3.00 3.00 3.00 3.00 4.00 4.00 4.00 4.00 3.00 3.00 3.00 3.00 7.00 7.00 7.00 7.00 6.00 6.00 6.00 6.00 4.00 4.00 4.00 4.00 3.00 3.00 3.00 3.00 3.00 3.00 3.00 3.00 2.00 2.00 2.00 2.00 2.00 8.00 8.00
2.00 4.00 4.00 4.00 4.00 3.00 3.00 3.00 3.00 3.00 3.00 3.00 3.00 4.00 4.00 4.00 4.00 3.00 3.00 3.00 3.00 7.00 7.00 7.00 7.00 6.00 6.00 6.00 6.00 4.00 4.00 4.00 4.00 3.00 3.00 3.00 3.00 3.00 3.00 3.00 3.00 2.00 2.00 2.00 2.00 2.00 8.00 8.00
0.00 2.00 2.00 2.00 2.00 4.00 4.00 4.00 4.00 5.00 5.00 5.00 5.00 1.00 1.00 1.00 1.00 1.00 1.00 1.00 1.00 2.00 2.00 2.00 2.00 10.00 10.00 10.00 10.00 3.00 3.00 3.00 3.00 3.00 3.00 3.00 3.00 4.00 4.00 4.00 4.00 5.00 5.00 5.00 5.00 5.00 6.00 6.00
0.00 2.00 2.00 2.00 2.00 4.00 4.00 4.00 4.00 5.00 5.00 5.00 5.00 1.00 1.00 1.00 1.00 1.00 1.00 1.00 1.00 2.00 2.00 2.00 2.00 10.00 10.00 10.00 10.00 3.00 3.00 3.00 3.00 3.00 3.00 3.00 3.00 4.00 4.00 4.00 4.00 5.00 5.00 5.00 5.00 5.00 6.00 6.00
0.00 2.00 2.00 2.00 2.00 4.00 4.00 4.00 4.00 5.00 5.00 5.00 5.00 1.00 1.00 1.00 1.00 1.00 1.00 1.00 1.00 2.00 2.00 2.00 2.00 10.00 10.00 10.00 10.00 3.00 3.00 3.00 3.00 3.00 3.00 3.00 3.00 4.00 4.00 4.00 4.00 5.00 5.00 5.00 5.00 5.00 6.00 6.00
