48 40.667 40.685 -74.02 -73.998
0.00 0.00 0.00 0.00 0.00 0.00 0.00 0.00 0.00 0.00 0.00 0.00 0.00 0.00 0.00 0.00 0.00 -1.00 -1.00 -1.00 -1.00 0.00 0.00 0.00 0.00 3.00 3.00 3.00 3.00 3.00 5.00 5.00 5.00 5.00 7.00 7.00 7.00 7.00 7.00 5.00 5.00 5.00 5.00 13.00 13.00 13.00 13.00 13.00
0.00 0.00 0.00 0.00 0.00 0.00 0.00 0.00 0.00 0.00 0.00 0.00 0.00 0.00 0.00 0.00 0.00 -1.00 -1.00 -1.00 -1.00 0.00 0.00 0.00 0.00 3.00 3.00 3.00 3.00 3.00 5.00 5.00 5.00 5.00 7.00 7.00 7.00 7.00 7.00 5.00 5.00 5.00 5.00 13.00 13.00 13.00 13.00 13.00
0.00 0.00 0.00 0.00 0.00 0.00 0.00 0.00 0.00 0.00 0.00 0.00 0.00 0.00 0.00 0.00 0.00 -1.00 -1.00 -1.00 -1.00 0.00 0.00 0.00 0.00 3.00 3.00 3.00 3.00 3.00 5.00 5.00 5.00 5.00 7.00 7.00 7.00 7.00 7.00 5.00 5.00 5.00 5.00 13.00 13.00 13.00 13.00 13.00
0.00 0.00 0.00 0.00 0.00 0.00 0.00 0.00 0.00 0.00 0.00 0.00 0.00 0.00 0.00 0.00 0.00 -1.00 -1.00 -1.00 -1.00 0.00 0.00 0.00 0.00 3.00 3.00 3.00 3.00 3.00 5.00 5.00 5.00 5.00 7.00 7.00 7.00 7.00 7.00 5.00 5.00 5.00 5.00 13.00 13.00 13.00 13.00 13.00
0.00 0.00 0.00 0.00 0.00 0.00 0.00 0.00 0.00 0.00 0.00 0.00 0.00 0.00 0.00 0.00 0.00 -1.00 -1.00 -1.00 -1.00 0.00 0.00 0.00 0.00 3.00 3.00 3.00 3.00 3.00 5.00 5.00 5.00 5.00 7.00 7.00 7.00 7.00 7.00 5.00 5.00 5.00 5.00 13.00 13.00 13.00 13.00 13.00
0.00 0.00 0.00 0.00 0.00 0.00 0.00 0.00 0.00 0.00 0.00 0.00 4.00 4.00 4.00 4.00 4.00 3.00 3.00 3.00 3.00 5.00 5.00 5.00 5.00 10.00 10.00 10.00 10.00 10.00 2.00 2.00 2.00 2.00 6.00 6.00 6.00 6.00 6.00 16.00 16.00 16.00 16.00 17.00 17.00 17.00 17.00 17.00
0.00 0.00 0.00 0.00 0.00 0.00 0.00 0.00 0.00 0.00 0.00 0.00 4.00 4.00 4.00 4.00 4.00 3.00 3.00 3.00 3.00 5.00 5.00 5.00 5.00 10.00 10.00 10.00 10.00 10.00 2.00 2.00 2.00 2.00 6.00 6.00 6.00 6.00 6.00 16.00 16.00 16.00 16.00 17.00 17.00 17.00 17.00 17.00
0.00 0.00 0.00 0.00 0.00 0.00 0.00 0.00 0.00 0.00 0.00 0.00 4.00 4.00 4.00 4.00 4.00 3.00 3.00 3.00 3.00 5.00 5.00 5.00 5.00 10.00 10.00 10.00 10.00 10.00 2.00 2.00 2.00 2.00 6.00 6.00 6.00 6.00 6.00 16.00 16.00 16.00 16.00 17.00 17.00 17.00 17.00 17.00
0.00 0.00 0.00 0.00 0.00 0.00 0.00 0.00 0.00 0.00 0.00 0.00 4.00 4.00 4.00 4.00 4.00 3.00 3.00 3.00 3.00 5.00 5.00 5.00 5.00 10.00 10.00 10.00 10.00 10.00 2.00 2.00 2.00 2.00 6.00 6.00 6.00 6.00 6.00 16.00 16.00 16.00 16.00 17.00 17.00 17.00 17.00 17.00
0.00 0.00 0.00 0.00 0.00 0.00 0.00 0.00 0.00 0.00 0.00 0.00 4.00 4.00 4.00 4.00 4.00 3.00 3.00 3.00 3.00 5.00 5.00 5.00 5.00 10.00 10.00 10.00 10.00 10.00 2.00 2.00 2.00 2.00 6.00 6.00 6.00 6.00 6.00 16.00 16.00 16.00 16.00 17.00 17.00 17.00 17.00 17.00
0.00 0.00 0.00 4.00 4.00 4.00 4.00 4.00 1.00 1.00 1.00 1.00 -1.00 -1.00 -1.00 -1.00 -1.00 3.00 3.00 3.00 3.00 4.00 4.00 4.00 4.00 3.00 3.00 3.00 3.00 3.00 3.00 3.00 3.00 3.00 11.00 11.00 11.00 11.00 11.00 12.00 12.00 12.00 12.00 21.00 21.00 21.00 21.00 21.00
0.00 0.00 0.00 4.00 4.00 4.00 4.00 4.00 1.00 1.00 1.00 1.00 -1.00 -1.00 -1.00 -1.00 -1.00 3.00 3.00 3.00 3.00 4.00 4.00 4.00 4.00 3.00 3.00 3.00 3.00 3.00 3.00 3.00 3.00 3.00 11.00 11.00 11.00 11.00 11.00 12.00 12.00 12.00 12.00 21.00 21.00 21.00 21.00 21.00
0.00 0.00 0.00 4.00 4.00 4.00 4.00 4.00 1.00 1.00 1.00 1.00 -1.00 -1.00 -1.00 -1.00 -1.00 3.00 3.00 3.00 3.00 4.00 4.00 4.00 4.00 3.00 3.00 3.00 3.00 3.00 3.00 3.00 3.00 3.00 11.00 11.00 11.00 11.00 11.00 12.00 12.00 12.00 12.00 21.00 21.00 21.00 21.00 21.00
0.00 0.00 0.00 4.00 4.00 4.00 4.00 4.00 1.00 1.00 1.00 1.00 -1.00 -1.00 -1.00 -1.00 -1.00 3.00 3.00 3.00 3.00 4.00 4.00 4.00 4.00 3.00 3.00 3.00 3.00 3.00 3.00 3.00 3.00 3.00 11.00 11.00 11.00 11.00 11.00 12.00 12.00 12.00 12.00 21.00 21.00 21.00 21.00 21.00
0.00 0.00 0.00 4.00 4.00 4.00 4.00 4.00 1.00 1.00 1.00 1.00 -1.00 -1.00 -1.00 -1.00 -1.00 3.00 3.00 3.00 3.00 4.00 4.00 4.00 4.00 3.00 3.00 3.00 3.00 3.00 3.00 3.00 3.00 3.00 11.00 11.00 11.00 11.00 11.00 12.00 12.00 12.00 12.00 21.00 21.00 21.00 21.00 21.00
0.00 0.00 0.00 4.00 4.00 4.00 4.00 4.00 1.00 1.00 1.00 1.00 -1.00 -1.00 -1.00 -1.00 -1.00 3.00 3.00 3.00 3.00 4.00 4.00 4.00 4.00 3.00 3.00 3.00 3.00 3.00 3.00 3.00 3.00 3.00 11.00 11.00 11.00 11.00 11.00 12.00 12.00 12.00 12.00 21.00 21.00 21.00 21.00 21.00
0.00 0.00 0.00 1.00 1.00 1.00 1.00 1.00 5.00 5.00 5.00 5.00 4.00 4.00 4.00 4.00 4.00 4.00 4.00 4.00 4.00 4.00 4.00 4.00 4.00 7.00 7.00 7.00 7.00 7.00 4.00 4.00 4.00 4.00 5.00 5.00 5.00 5.00 5.00 11.00 11.00 11.00 11.00 14.00 14.00 14.00 14.00 14.00
0.00 0.00 0.00 1.00 1.00 1.00 1.00 1.00 5.00 5.00 5.00 5.00 4.00 4.00 4.00 4.00 4.00 4.00 4.00 4.00 4.00 4.00 4.00 4.00 4.00 7.00 7.00 7.00 7.00 7.00 4.00 4.00 4.00 4.00 5.00 5.00 5.00 5.00 5.00 11.00 11.00 11.00 11.00 14.00 14.00 14.00 14.00 14.00
0.00 0.00 0.00 1.00 1.00 1.00 1.00 1.00 5.00 5.00 5.00 5.00 4.00 4.00 4.00 4.00 4.00 4.00 4.00 4.00 4.00 4.00 4.00 4.00 4.00 7.00 7.00 7.00 7.00 7.00 4.00 4.00 4.00 4.00 5.00 5.00 5.00 5.00 5.00 11.00 11.00 11.00 11.00 14.00 14.00 14.00 14.00 14.00
0.00 0.00 0.00 1.00 1.00 1.00 1.00 1.00 5.00 5.00 5.00 5.00 4.00 4.00 4.00 4.00 4.00 4.00 4.00 4.00 4.00 4.00 4.00 4.00 4.00 7.00 7.00 7.00 7.00 7.00 4.00 4.00 4.00 4.00 5.00 5.00 5.00 5.00 5.00 11.00 11.00 11.00 11.00 14.00 14.00 14.00 14.00 14.00
0.00 0.00 0.00 1.00 1.00 1.00 1.00 1.00 5.00 5.00 5.00 5.00 4.00 4.00 4.00 4.00 4.00 4.00 4.00 4.00 4.00 4.00 4.00 4.00 4.00 7.00 7.00 7.00 7.00 7.00 4.00 4.00 4.00 4.00 5.00 5.00 5.00 5.00 5.00 11.00 11.00 11.00 11.00 14.00 14.00 14.00 14.00 14.00
0.00 0.00 0.00 4.00 4.00 4.00 4.00 4.00 3.00 3.00 3.00 3.00 3.00 3.00 3.00 3.00 3.00 3.00 3.00 3.00 3.00 4.00 4.00 4.00 4.00 4.00 4.00 4.00 4.00 4.00 5.00 5.00 5.00 5.00 6.00 6.00 6.00 6.00 6.00 6.00 6.00 6.00 6.00 10.00 10.00 10.00 10.00 10.00
0.00 0.00 0.00 4.00 4.00 4.00 4.00 4.00 3.00 3.00 3.00 3.00 3.00 3.00 3.00 3.00 3.00 3.00 3.00 3.00 3.00 4.00 4.00 4.00 4.00 4.00 4.00 4.00 4.00 4.00 5.00 5.00 5.00 5.00 6.00 6.00 6.00 6.00 6.00 6.00 6.00 6.00 6.00 10.00 10.00 10.00 10.00 10.00
0.00 0.00 0.00 4.00 4.00 4.00 4.00 4.00 3.00 3.00 3.00 3.00 3.00 3.00 3.00 3.00 3.00 3.00 3.00 3.00 3.00 4.00 4.00 4.00 4.00 4.00 4.00 4.00 4.00 4.00 5.00 5.00 5.00 5.00 6.00 6.00 6.00 6.00 6.00 6.00 6.00 6.00 6.00 10.00 10.00 10.00 10.00 10.00
0.00 0.00 0.00 4.00 4.00 4.00 4.00 4.00 3.00 3.00 3.00 3.00 3.00 3.00 3.00 3.00 3.00 3.00 3.00 3.00 3.00 4.00 4.00 4.00 4.00 4.00 4.00 4.00 4.00 4.00 5.00 5.00 5.00 5.00 6.00 6.00 6.00 6.00 6.00 6.00 6.00 6.00 6.00 10.00 10.00 10.00 10.00 10.00
0.00 0.00 0.00 4.00 4.00 4.00 4.00 4.00 3.00 3.00 3.00 3.00 3.00 3.00 3.00 3.00 3.00 3.00 3.00 3.00 3.00 4.00 4.00 4.00 4.00 4.00 4.00 4.00 4.00 4.00 5.00 5.00 5.00 5.00 6.00 6.00 6.00 6.00 6.00 6.00 6.00 6.00 6.00 10.00 10.00 10.00 10.00 10.00
0.00 0.00 0.00 4.00 4.00 4.00 4.00 4.00 3.00 3.00 3.00 3.00 3.00 3.00 3.00 3.00 3.00 3.00 3.00 3.00 3.00 4.00 4.00 4.00 4.00 4.00 4.00 4.00 4.00 4.00 5.00 5.00 5.00 5.00 6.00 6.00 6.00 6.00 6.00 6.00 6.00 6.00 6.00 10.00 10.00 10.00 10.00 10.00
0.00 0.00 0.00 1.00 1.00 1.00 1.00 1.00 4.00 4.00 4.00 4.00 5.00 5.00 5.00 5.00 5.00 1.00 1.00 1.00 1.00 1.00 1.00 1.00 1.00 6.00 6.00 6.00 6.00 6.00 4.00 4.00 4.00 4.00 4.00 4.00 4.00 4.00 4.00 2.00 2.00 2.00 2.00 0.00 0.00 0.00 0.00 0.00
0.00 0.00 0.00 1.00 1.00 1.00 1.00 1.00 4.00 4.00 4.00 4.00 5.00 5.00 5.00 5.00 5.00 1.00 1.00 1.00 1.00 1.00 1.00 1.00 1.00 6.00 6.00 6.00 6.00 6.00 4.00 4.00 4.00 4.00 4.00 4.00 4.00 4.00 4.00 2.00 2.00 2.00 2.00 0.00 0.00 0.00 0.00 0.00
0.00 0.00 0.00 1.00 1.00 1.00 1.00 1.00 4.00 4.00 4.00 4.00 5.00 5.00 5.00 5.00 5.00 1.00 1.00 1.00 1.00 1.00 1.00 1.00 1.00 6.00 6.00 6.00 6.00 6.00 4.00 4.00 4.00 4.00 4.00 4.00 4.00 4.00 4.00 2.00 2.00 2.00 2.00 0.00 0.00 0.00 0.00 0.00
0.00 0.00 0.00 1.00 1.00 1.00 1.00 1.00 4.00 4.00 4.00 4.00 5.00 5.00 5.00 5.00 5.00 1.00 1.00 1.00 1.00 1.00 1.00 1.00 1.00 6.00 6.00 6.00 6.00 6.00 4.00 4.00 4.00 4.00 4.00 4.00 4.00 4.00 4.00 2.00 2.00 2.00 2.00 0.00 0.00 0.00 0.00 0.00
0.00 0.00 0.00 1.00 1.00 1.00 1.00 1.00 4.00 4.00 4.00 4.00 5.00 5.00 5.00 5.00 5.00 1.00 1.00 1.00 1.00 1.00 1.00 1.00 1.00 6.00 6.00 6.00 6.00 6.00 4.00 4.00 4.00 4.00 4.00 4.00 4.00 4.00 4.00 2.00 2.00 2.00 2.00 0.00 0.00 0.00 0.00 0.00
0.00 0.00 0.00 0.00 0.00 0.00 0.00 0.00 6.00 6.00 6.00 6.00 1.00 1.00 1.00 1.00 1.00 2.00 2.00 2.00 2.00 3.00 3.00 3.00 3.00 1.00 1.00 1.00 1.00 1.00 0.00 0.00 0.00 0.00 6.00 6.00 6.00 6.00 6.00 1.00 1.00 1.00 1.00 5.00 5.00 5.00 5.00 5.00
0.00 0.00 0.00 0.00 0.00 0.00 0.00 0.00 6.00 6.00 6.00 6.00 1.00 1.00 1.00 1.00 1.00 2.00 2.00 2.00 2.00 3.00 3.00 3.00 3.00 1.00 1.00 1.00 1.00 1.00 0.00 0.00 0.00 0.00 6.00 6.00 6.00 6.00 6.00 1.00 1.00 1.00 1.00 5.00 5.00 5.00 5.00 5.00
0.00 0.00 0.00 0.00 0.00 0.00 0.00 0.00 6.00 6.00 6.00 6.00 1.00 1.00 1.00 1.00 1.00 2.00 2.00 2.00 2.00 3.00 3.00 3.00 3.00 1.00 1.00 1.00 1.00 1.00 0.00 0.00 0.00 0.00 6.00 6.00 6.00 6.00 6.00 1.00 1.00 1.00 1.00 5.00 5.00 5.00 5.00 5.00
0.00 0.00 0.00 0.00 0.00 0.00 0.00 0.00 6.00 6.00 6.00 6.00 1.00 1.00 1.00 1.00 1.00 2.00 2.00 2.00 2.00 3.00 3.00 3.00 3.00 1.00 1.00 1.00 1.00 1.00 0.00 0.00 0.00 0.00 6.00 6.00 6.00 6.00 6.00 1.00 1.00 1.00 1.00 5.00 5.00 5.00 5.00 5.00
0.00 0.00 0.00 0.00 0.00 0.00 0.00 0.00 6.00 6.00 6.00 6.00 1.00 1.00 1.00 1.00 1.00 2.00 2.00 2.00 2.00 3.00 3.00 3.00 3.00 1.00 1.00 1.00 1.00 1.00 0.00 0.00 0.00 0.00 6.00 6.00 6.00 6.00 6.00 1.00 1.00 1.00 1.00 5.00 5.00 5.00 5.00 5.00
0.00 0.00 0.00 1.00 1.00 1.00 1.00 1.00 0.00 0.00 0.00 0.00 -5.00 -5.00 -5.00 -5.00 -5.00 2.00 2.00 2.00 2.00 -1.00 -1.00 -1.00 -1.00 3.00 3.00 3.00 3.00 3.00 0.00 0.00 0.00 0.00 2.00 2.00 2.00 2.00 2.00 2.00 2.00 2.00 2.00 -5.00 -5.00 -5.00 -5.00 -5.00
0.00 0.00 0.00 1.00 1.00 1.00 1.00 1.00 0.00 0.00 0.00 0.00 -5.00 -5.00 -5.00 -5.00 -5.00 2.00 2.00 2.00 2.00 -1.00 -1.00 -1.00 -1.00 3.00 3.00 3.00 3.00 3.00 0.00 0.00 0.00 0.00 2.00 2.00 2.00 2.00 2.00 2.00 2.00 2.00 2.00 -5.00 -5.00 -5.00 -5.00 -5.00
0.00 0.00 0.00 1.00 1.00 1.00 1.00 1.00 0.00 0.00 0.00 0.00 -5.00 -5.00 -5.00 -5.00 -5.00 2.00 2.00 2.00 2.00 -1.00 -1.00 -1.00 -1.00 3.00 3.00 3.00 3.00 3.00 0.00 0.00 0.00 0.00 2.00 2.00 2.00 2.00 2.00 2.00 2.00 2.00 2.00 -5.00 -5.00 -5.00 -5.00 -5.00
0.00 0.00 0.00 1.00 1.00 1.00 1.00 1.00 0.00 0.00 0.00 0.00 -5.00 -5.00 -5.00 -5.00 -5.00 2.00 2.00 2.00 2.00 -1.00 -1.00 -1.00 -1.00 3.00 3.00 3.00 3.00 3.00 0.00 0.00 0.00 0.00 2.00 2.00 2.00 2.00 2.00 2.00 2.00 2.00 2.00 -5.00 -5.00 -5.00 -5.00 -5.00
0.00 0.00 0.00 1.00 1.00 1.00 1.00 1.00 0.00 0.00 0.00 0.00 -5.00 -5.00 -5.00 -5.00 -5.00 2.00 2.00 2.00 2.00 -1.00 -1.00 -1.00 -1.00 3.00 3.00 3.00 3.00 3.00 0.00 0.00 0.00 0.00 2.00 2.00 2.00 2.00 2.00 2.00 2.00 2.00 2.00 -5.00 -5.00 -5.00 -5.00 -5.00
0.00 0.00 0.00 1.00 1.00 1.00 1.00 1.00 0.00 0.00 0.00 0.00 -5.00 -5.00 -5.00 -5.00 -5.00 2.00 2.00 2.00 2.00 -1.00 -1.00 -1.00 -1.00 3.00 3.00 3.00 3.00 3.00 0.00 0.00 0.00 0.00 2.00 2.00 2.00 2.00 2.00 2.00 2.00 2.00 2.00 -5.00 -5.00 -5.00 -5.00 -5.00
0.00 0.00 0.00 0.00 0.00 0.00 0.00 0.00 0.00 0.00 0.00 0.00 -2.00 -2.00 -2.00 -2.00 -2.00 0.00 0.00 0.00 0.00 0.00 0.00 0.00 0.00 0.00 0.00 0.00 0.00 0.00 4.00 4.00 4.00 4.00 -2.00 -2.00 -2.00 -2.00 -2.00 1.00 1.00 1.00 1.00 6.00 6.00 6.00 6.00 6.00
0.00 0.00 0.00 0.00 0.00 0.00 0.00 0.00 0.00 0.00 0.00 0.00 -2.00 -2.00 -2.00 -2.00 -2.00 0.00 0.00 0.00 0.00 0.00 0.00 0.00 0.00 0.00 0.00 0.00 0.00 0.00 4.00 4.00 4.00 4.00 -2.00 -2.00 -2.00 -2.00 -2.00 1.00 1.00 1.00 1.00 6.00 6.00 6.00 6.00 6.00
0.00 0.00 0.00 0.00 0.00 0.00 0.00 0.00 0.00 0.00 0.00 0.00 -2.00 -2.00 -2.00 -2.00 -2.00 0.00 0.00 0.00 0.00 0.00 0.00 0.00 0.00 0.00 0.00 0.00 0.00 0.00 4.00 4.00 4.00 4.00 -2.00 -2.00 -2.00 -2.00 -2.00 1.00 1.00 1.00 1.00 6.00 6.00 6.00 6.00 6.00
0.00 0.00 0.00 0.00 0.00 0.00 0.00 0.00 0.00 0.00 0.00 0.00 -2.00 -2.00 -2.00 -2.00 -2.00 0.00 0.00 0.00 0.00 0.00 0.00 0.00 0.00 0.00 0.00 0.00 0.00 0.00 4.00 4.00 4.00 4.00 -2.00 -2.00 -2.00 -2.00 -2.00 1.00 1.00 1.00 1.00 6.00 6.00 6.00 6.00 6.00
0.00 0.00 0.00 0.00 0.00 0.00 0.00 0.00 0.00 0.00 0.00 0.00 -2.00 -2.00 -2.00 -2.00 -2.00 0.00 0.00 0.00 0.00 0.00 0.00 0.00 0.00 0.00 0.00 0.00 0.00 0.00 4.00 4.00 4.00 4.00 -2.00 -2.00 -2.00 -2.00 -2.00 1.00 1.00 1.00 1.00 6.00 6.00 6.00 6.00 6.00
